[gd_scene load_steps=3 format=3 uid="uid://do37wwt5fuyon"]

[ext_resource type="PackedScene" uid="uid://cg73m83g0gu84" path="res://assets/models/Jungle/jungle_tree/jungel_tree_01.glb" id="1_o1n1y"]

[sub_resource type="StandardMaterial3D" id="StandardMaterial3D_k48j0"]
albedo_color = Color(0.5293254, 0.33442178, 0.2460064, 1)

[node name="jungel_tree_01" instance=ExtResource("1_o1n1y")]
transform = Transform3D(0.5519661, 0.83386654, 0, -0.81290513, 0.53809094, -0.22280777, -0.18579194, 0.12298232, 0.9748624, 0, -0.35476398, 0)

[node name="Cube_007" parent="." index="1"]
visible = false

[node name="Cube_008" parent="." index="2"]
visible = false

[node name="Cube_010" parent="." index="3"]
visible = false

[node name="Cube_012" parent="." index="4"]
visible = false

[node name="Cube_013" parent="." index="5"]
visible = false

[node name="Cube_014" parent="." index="6"]
visible = false

[node name="Cube_015" parent="." index="7"]
visible = false

[node name="Cube_017" parent="." index="8"]
visible = false

[node name="Cube_018" parent="." index="9"]
visible = false

[node name="Cube_019" parent="." index="10"]
visible = false

[node name="Cube_020" parent="." index="11"]
visible = false

[node name="Cube_021" parent="." index="12"]
visible = false

[node name="Cube_022" parent="." index="13"]
visible = false
surface_material_override/0 = SubResource("StandardMaterial3D_k48j0")

[node name="Cube_023" parent="." index="14"]
visible = false
surface_material_override/0 = SubResource("StandardMaterial3D_k48j0")

[node name="Cube_024" parent="." index="15"]
transform = Transform3D(0.3399988, -0.86427456, -0.3707161, 0.93203163, 0.2571258, 0.2553497, -0.12537172, -0.43233767, 0.8929539, -3.4530733, 6.761442, -2.0850086)
surface_material_override/0 = SubResource("StandardMaterial3D_k48j0")

[node name="Plane_002" parent="." index="16"]
visible = false

[node name="Cube_028" parent="." index="17"]
visible = false

[node name="Cube_029" parent="." index="18"]
visible = false

[node name="Cube_030" parent="." index="19"]
visible = false

[node name="Cube_031" parent="." index="20"]
visible = false

[node name="Plane_003" parent="." index="21"]
visible = false

[node name="Cube_009" parent="." index="22"]
visible = false

[node name="Cube_016" parent="." index="23"]
visible = false

[node name="Cube_025" parent="." index="24"]
transform = Transform3D(0.9515384, 0.031866714, -0.30587444, 0.03222102, 0.97881186, 0.2022106, 0.3058373, -0.20226675, 0.9303503, -2.0855649, 3.2805042, -0.94194996)
visible = false

[node name="Cube_026" parent="." index="25"]
transform = Transform3D(0.882386, -0.33458123, 0.33083275, 0.23087904, 0.92052555, 0.31516266, -0.40998754, -0.20171277, 0.8895067, -2.7619905, 3.173956, -0.94448483)
visible = false

[node name="Cube_027" parent="." index="26"]
transform = Transform3D(0.86044127, 0.10558866, 0.4984896, 0.16183056, 0.8710173, -0.4638316, -0.4831684, 0.47977072, 0.73237175, -2.3817918, 3.1942596, -0.39005005)
visible = false

[node name="Cube_032" parent="." index="27"]
visible = false

[node name="Cube_033" parent="." index="28"]
visible = false

[node name="Cube_034" parent="." index="29"]
visible = false

[node name="Cube_035" parent="." index="30"]
visible = false

[node name="Cube_036" parent="." index="31"]
visible = false
