[gd_scene format=3 uid="uid://cxge6pdtvxrls"]

[ext_resource type="PackedScene" uid="uid://cu1ucgco815t4" path="res://game/enemies/base_enemy.tscn" id="1_0mg0e"]
[ext_resource type="Script" uid="uid://b0kknw1o07ha2" path="res://state_machine/enemy/decider/decide_distance.gd" id="2_lodh7"]
[ext_resource type="PackedScene" uid="uid://he057bxgogh1" path="res://assets/characters/enemies/bee/bee_prefab.tscn" id="2_pyrbt"]
[ext_resource type="Script" uid="uid://cxy0hm7s41xp3" path="res://state_machine/enemy/look_at_player.gd" id="3_eg47u"]
[ext_resource type="PackedScene" uid="uid://cii4n42sv8t0e" path="res://game/hurtbox/hurtbox.tscn" id="3_y76sa"]
[ext_resource type="PackedScene" uid="uid://cmvibss2u7woe" path="res://game/hitbox/hitbox.tscn" id="4_82xbp"]
[ext_resource type="Script" uid="uid://c1j50itv0hwo2" path="res://state_machine/enemy/spawn_entities.gd" id="4_qr42g"]
[ext_resource type="Script" uid="uid://1e84fd3xrrff" path="res://game/spawner/entity_spawner.gd" id="5_7k21y"]
[ext_resource type="PackedScene" uid="uid://u7ocrnnhnci0" path="res://game/projectiles/artillery_honey/honey_bomb_new.tscn" id="6_lodh7"]
[ext_resource type="Script" uid="uid://yd5ytc70xwp6" path="res://game/spawner/strategies/target/target_direction.gd" id="7_eg47u"]
[ext_resource type="Script" uid="uid://mycfudgv475a" path="res://state_machine/enemy/flee_from_player.gd" id="7_iwpo5"]
[ext_resource type="PackedScene" uid="uid://c3ksp1n3yrx3o" path="res://game/aoes/peacock_aoe_attack/peacock_aoe.tscn" id="8_erhdk"]

[sub_resource type="Resource" id="Resource_qr42g"]
script = ExtResource("7_eg47u")
metadata/_custom_type_script = "uid://yd5ytc70xwp6"

[sub_resource type="BoxShape3D" id="BoxShape3D_hhcqo"]
size = Vector3(0.55859375, 0.8754883, 0.63623047)

[sub_resource type="CapsuleShape3D" id="CapsuleShape3D_pyrbt"]
radius = 0.24853516
height = 0.4970703

[node name="BeeEnemy" unique_id=1898691 node_paths=PackedStringArray("hitbox", "hurtbox") instance=ExtResource("1_0mg0e")]
health = 250.0
damage = 20.0
hitbox = NodePath("Hitbox")
hurtbox = NodePath("Hurtbox")

[node name="StateMachine" parent="." index="1" unique_id=2093753398 node_paths=PackedStringArray("initial_state")]
initial_state = NodePath("DecideDistanceState")

[node name="DecideDistanceState" type="Node" parent="StateMachine" index="0" unique_id=1801133056 node_paths=PackedStringArray("state_if_distance_is_smaller", "state_if_distance_is_larger", "state_if_no_node_found")]
script = ExtResource("2_lodh7")
distance_to_check = 3.0
state_if_distance_is_smaller = NodePath("../FleeFromPlayerState")
state_if_distance_is_larger = NodePath("../LookAtPlayerState")
state_if_no_node_found = NodePath("../LookAtPlayerState")
metadata/_custom_type_script = "uid://b0kknw1o07ha2"

[node name="LookAtPlayerState" type="Node" parent="StateMachine" index="1" unique_id=131714749 node_paths=PackedStringArray("next_state")]
script = ExtResource("3_eg47u")
wait_time = 1.5
speed_override = 0.0
speed_override_active = true
next_state = NodePath("../SpawnEntitiesState")
metadata/_custom_type_script = "uid://cxy0hm7s41xp3"

[node name="SpawnEntitiesState" type="Node" parent="StateMachine" index="2" unique_id=1038472958 node_paths=PackedStringArray("next_state")]
script = ExtResource("4_qr42g")
start_delay = 0.8
end_delay = 1.0
next_state = NodePath("../DecideDistanceState")
animation_trigger = Dictionary[String, Variant]({
"parameters/artillery/request": 1
})
metadata/_custom_type_script = "uid://c1j50itv0hwo2"

[node name="EntitySpawner" type="Node3D" parent="StateMachine/SpawnEntitiesState" index="0" unique_id=1808127893]
script = ExtResource("5_7k21y")
entity_to_spawn = ExtResource("6_lodh7")
time_between_entities = 1.429
target_strategy = SubResource("Resource_qr42g")
metadata/_custom_type_script = "uid://1e84fd3xrrff"

[node name="FleeFromPlayerState" type="Node" parent="StateMachine" index="3" unique_id=1382501523 node_paths=PackedStringArray("next_state")]
script = ExtResource("7_iwpo5")
wait_time = 0.0
flee_distance = 3.0
time_based = true
target_flee_time = 2.0
next_state = NodePath("../DecideDistanceState2")
metadata/_custom_type_script = "uid://mycfudgv475a"

[node name="DecideDistanceState2" type="Node" parent="StateMachine" index="4" unique_id=1721950833 node_paths=PackedStringArray("state_if_distance_is_smaller", "state_if_distance_is_larger", "state_if_no_node_found")]
script = ExtResource("2_lodh7")
distance_to_check = 2.0
state_if_distance_is_smaller = NodePath("../SpawnEntitiesState2")
state_if_distance_is_larger = NodePath("../DecideDistanceState")
state_if_no_node_found = NodePath("../DecideDistanceState")
metadata/_custom_type_script = "uid://b0kknw1o07ha2"

[node name="SpawnEntitiesState2" type="Node" parent="StateMachine" index="5" unique_id=1893342911 node_paths=PackedStringArray("next_state")]
script = ExtResource("4_qr42g")
start_delay = 0.2
end_delay = 0.8
next_state = NodePath("../DecideDistanceState")
animation_trigger = Dictionary[String, Variant]({
"parameters/shoot/request": 1
})
metadata/_custom_type_script = "uid://c1j50itv0hwo2"

[node name="EntitySpawner" type="Node3D" parent="StateMachine/SpawnEntitiesState2" index="0" unique_id=405363684]
script = ExtResource("5_7k21y")
entity_to_spawn = ExtResource("8_erhdk")
amount_of_spawns = 2
time_between_entities = 0.5
metadata/_custom_type_script = "uid://1e84fd3xrrff"

[node name="Bee" parent="Visuals" parent_id_path=PackedInt32Array(110309936) index="0" unique_id=1778173417 instance=ExtResource("2_pyrbt")]

[node name="Skeleton3D" parent="Visuals/Bee" index="0" unique_id=1734313156]
bones/0/position = Vector3(2.4214387e-07, 0.33090377, -7.8976154e-07)
bones/0/rotation = Quaternion(0.5, -0.5, 0.5, -0.5)
bones/1/position = Vector3(0.04194153, 0.111107334, 0.08789312)
bones/1/rotation = Quaternion(0.29862422, -0.65838027, -0.25794435, 0.6409553)
bones/2/position = Vector3(1.40488225e-08, 0.10040295, 5.5879354e-09)
bones/2/rotation = Quaternion(-0.2061052, 0.011051155, -0.075358145, 0.97556126)
bones/3/rotation = Quaternion(0.62667257, -0.5994552, -0.37503806, 0.32753858)
bones/4/rotation = Quaternion(-0.2011729, -0.012454017, -0.03666746, 0.97879004)
bones/5/position = Vector3(-0.022913603, -0.052558973, 0.03634615)
bones/5/rotation = Quaternion(0.67161715, -0.47120118, -0.52722824, -0.22120182)
bones/6/rotation = Quaternion(-0.2555272, -0.00922542, -0.009157591, 0.9667145)
bones/7/rotation = Quaternion(-0.529027, 0.14111096, 0.6928836, 0.46918064)
bones/8/rotation = Quaternion(-0.24434355, -0.020337654, -0.02517804, 0.96914846)
bones/9/rotation = Quaternion(-0.37462738, -0.3261395, 0.6274018, 0.5997119)
bones/10/rotation = Quaternion(-0.12428505, -0.011286756, -0.026083734, 0.99183947)
bones/11/rotation = Quaternion(-0.26613784, -0.6249767, 0.33076295, 0.65511125)
bones/12/position = Vector3(2.5995455e-09, 0.094152324, -2.7939677e-09)
bones/12/rotation = Quaternion(-0.2086369, 0.0018484918, -0.016840447, 0.97784644)
bones/13/position = Vector3(0.08324058, 0.09351895, 0.006063495)
bones/13/rotation = Quaternion(0.008341434, -0.70488954, 0.055954278, 0.70705754)
bones/14/rotation = Quaternion(-0.2136167, 0.0027809707, -0.022253593, 0.9766602)
bones/16/position = Vector3(2.4214387e-07, 0, -7.8976154e-07)
bones/16/rotation = Quaternion(0, 0.7071068, 0, 0.7071067)
bones/16/scale = Vector3(0.99999994, 1, 0.99999994)
bones/17/rotation = Quaternion(-0.32962942, -0.62557536, -0.32962948, 0.6255752)
bones/17/scale = Vector3(1, 0.99999994, 1)
bones/18/rotation = Quaternion(-0.32281244, 0.0061057284, 0.021882372, 0.9461903)
bones/18/scale = Vector3(1, 0.9999999, 0.9999999)
bones/19/rotation = Quaternion(-1.3549288e-07, 5.4383786e-09, -1.0109987e-07, 1)
bones/20/scale = Vector3(1, 0.9999998, 0.99999994)
bones/23/rotation = Quaternion(-0.32281256, -0.0061056614, -0.021882238, 0.9461903)
bones/23/scale = Vector3(1, 0.9999999, 1)
bones/24/rotation = Quaternion(-4.3566615e-08, -5.7482126e-09, 1.5226883e-07, 1)
bones/25/scale = Vector3(1, 1, 0.99999994)
bones/28/position = Vector3(0.029058862, 0.33090377, 0.112552)
bones/28/rotation = Quaternion(-0.019245679, 0.86700326, 0.49679658, 0.033587128)
bones/28/scale = Vector3(1, 0.9999998, 1)
bones/29/rotation = Quaternion(-0.20117286, -0.01245417, -0.036667515, 0.97879004)
bones/30/rotation = Quaternion(-0.16804044, 0.006681944, -0.14527495, 0.9749938)
bones/31/position = Vector3(0.111107334, 0.28896224, 0.08789314)
bones/31/rotation = Quaternion(0.25438592, 0.67670435, 0.6356181, -0.2708295)
bones/31/scale = Vector3(1, 1.0000002, 0.99999994)
bones/32/rotation = Quaternion(-0.20610502, 0.011051082, -0.0753579, 0.97556126)
bones/32/scale = Vector3(0.99999994, 0.99999994, 0.99999994)
bones/33/rotation = Quaternion(-0.16485089, 0.010604434, -0.01854432, 0.98608714)
bones/33/scale = Vector3(0.99999994, 0.99999994, 1)
bones/34/position = Vector3(0.09351896, 0.24766319, 0.006063508)
bones/34/rotation = Quaternion(-0.4925339, -0.50433034, -0.46039966, 0.53953075)
bones/34/scale = Vector3(1.0000001, 0.99999994, 1)
bones/36/position = Vector3(-5.963834e-10, 0.089144, -1.9590516e-08)
bones/36/rotation = Quaternion(-0.14663285, -0.005021527, 0.009486879, 0.98913276)
bones/36/scale = Vector3(0.99999994, 1.0000001, 0.99999994)
bones/37/position = Vector3(0.08317882, 0.2856587, -0.08628384)
bones/37/rotation = Quaternion(-0.6301133, -0.25373748, -0.229349, 0.69711804)
bones/37/scale = Vector3(1, 1, 1)
bones/38/rotation = Quaternion(-0.20863684, 0.0018485173, -0.01684022, 0.97784644)
bones/38/scale = Vector3(0.9999998, 0.99999994, 0.9999999)
bones/39/rotation = Quaternion(-0.17591058, 0.0013082996, -0.002415937, 0.9844023)
bones/39/scale = Vector3(0.99999994, 1, 1)
bones/40/position = Vector3(0.029318132, 0.32326642, -0.11669837)
bones/40/rotation = Quaternion(-0.49551693, 0.0342861, 0.019579679, 0.86770046)
bones/40/scale = Vector3(1, 1, 1)
bones/41/rotation = Quaternion(-0.12428518, -0.011286846, -0.026083706, 0.99183947)
bones/42/rotation = Quaternion(-0.20553504, 0.008575876, 0.11360963, 0.97199523)
bones/42/scale = Vector3(0.9999999, 1, 0.9999999)
bones/43/position = Vector3(-0.06830835, 0.33166543, -0.06289226)
bones/43/rotation = Quaternion(-0.27429786, 0.47385913, 0.15818189, 0.82170355)
bones/43/scale = Vector3(0.9999999, 1.0000001, 1)
bones/44/rotation = Quaternion(-0.24434385, -0.020337671, -0.025178142, 0.9691484)
bones/45/rotation = Quaternion(-0.12143281, 0.016223919, 0.05054892, 0.99117893)
bones/45/scale = Vector3(1, 0.99999994, 0.99999994)
bones/46/position = Vector3(-0.052558962, 0.35381737, 0.036346145)
bones/46/rotation = Quaternion(-0.14171574, 0.80809456, 0.21639343, 0.5292199)
bones/46/scale = Vector3(0.99999994, 0.9999999, 1)
bones/47/rotation = Quaternion(-0.25552696, -0.009225584, -0.009157603, 0.96671456)
bones/47/scale = Vector3(0.99999994, 1, 0.99999994)
bones/48/rotation = Quaternion(-0.13599958, -0.024837837, -0.059749816, 0.9885936)
bones/48/scale = Vector3(1, 1, 1.0000001)
bones/49/position = Vector3(-0.07981143, 0.28135315, 0.051795967)
bones/49/rotation = Quaternion(-0.34020826, 0.65273994, 0.53422785, 0.41567963)
bones/49/scale = Vector3(1, 0.99999976, 0.99999994)
bones/50/position = Vector3(-0.07981142, 0.28135315, -0.051796466)
bones/50/rotation = Quaternion(-0.5342278, 0.41567966, 0.3402082, 0.65274)
bones/50/scale = Vector3(1, 0.9999999, 1)

[node name="DEF_ANTENNA1_R" parent="Visuals/Bee/Skeleton3D" index="0" unique_id=5944536]
transform = Transform3D(-0.4560067, 0.64483315, -0.6133902, 2.4781514e-07, 0.6892209, 0.7245511, 0.8899761, 0.33040008, -0.31428957, 0.06442247, 0.49079567, -0.07674001)

[node name="DEF_ANTENNA_R" parent="Visuals/Bee/Skeleton3D" index="1" unique_id=2126001879]
transform = Transform3D(-0.4560059, 0.64483315, -0.6133908, -9.23872e-07, 0.68922085, 0.72455114, 0.88997656, 0.33040023, -0.3142882, 0.022973325, 0.4464934, -0.09797776)

[node name="DEF_ANTENNA1_L" parent="Visuals/Bee/Skeleton3D" index="2" unique_id=1664423308]
transform = Transform3D(-0.45600712, -0.6448332, 0.61339015, -2.508708e-07, 0.6892211, 0.72455096, -0.88997597, 0.33040035, -0.3142897, -0.06442246, 0.4907957, -0.07673999)

[node name="DEF_ANTENNA_L" parent="Visuals/Bee/Skeleton3D" index="3" unique_id=715674146]
transform = Transform3D(-0.45600632, -0.64483327, 0.6133907, 8.940697e-07, 0.68922096, 0.7245511, -0.8899764, 0.33040053, -0.31428835, -0.022973351, 0.4464934, -0.097977735)

[node name="DEF_PEDAL32" parent="Visuals/Bee/Skeleton3D" index="4" unique_id=446862937]
transform = Transform3D(-0.15429014, 0.98035187, -0.122898996, 2.1606684e-07, 0.12438834, 0.9922336, 0.9880255, 0.15309185, -0.019192126, 0.20032802, 0.3825031, -0.022248676)

[node name="DEF_PEDAL31" parent="Visuals/Bee/Skeleton3D" index="5" unique_id=1856709461]
transform = Transform3D(-0.077362545, 0.8601554, -0.50413007, -1.937151e-07, 0.5056454, 0.86274135, 0.99700296, 0.06674395, -0.03911786, 0.112552226, 0.33090377, -0.029059662)

[node name="DEF_PEDAL11" parent="Visuals/Bee/Skeleton3D" index="6" unique_id=1759752590]
transform = Transform3D(0.99772835, -0.06708743, 0.006122599, 0, 0.090885036, 0.9958614, -0.06736624, -0.99359894, 0.090678595, 0.006063738, 0.24766319, -0.09351974)

[node name="DEF_PEDAL72" parent="Visuals/Bee/Skeleton3D" index="7" unique_id=1683619363]
transform = Transform3D(0.66838396, -0.70616424, -0.2336545, -1.9557774e-08, -0.31412938, 0.94938004, -0.743816, -0.6345506, -0.20995909, -0.15804064, 0.29514095, -0.14339313)

[node name="DEF_PEDAL71" parent="Visuals/Bee/Skeleton3D" index="8" unique_id=906465019]
transform = Transform3D(0.64280146, -0.7621378, 0.07714903, 5.9604645e-08, 0.10071254, 0.99491554, -0.7660326, -0.6395332, 0.06473823, -0.086283594, 0.2856587, -0.08317959)

[node name="DEF_BODY" parent="Visuals/Bee/Skeleton3D" index="9" unique_id=994115164]
transform = Transform3D(-1.1920928e-07, 0, 0.9999999, 0, 1, 0, -0.9999999, 0, -1.1920928e-07, 2.4214387e-07, 0, -7.8976154e-07)

[node name="BoneAttachment3D" parent="Visuals/Bee/Skeleton3D" index="26" unique_id=803446524]
transform = Transform3D(-0.9061586, 0.41458833, -0.083622105, 2.0861626e-07, 0.19771798, 0.9802589, 0.42293745, 0.88826984, -0.17916392, 0.051796213, 0.28135315, 0.07981063)

[node name="BoneAttachment3D2" parent="Visuals/Bee/Skeleton3D" index="27" unique_id=558757412]
transform = Transform3D(-0.90615875, -0.41458818, 0.08362219, -2.3841858e-07, 0.19771811, 0.98025894, -0.4229374, 0.8882701, -0.17916414, -0.051796205, 0.28135315, 0.07981063)

[node name="Hurtbox" parent="." index="6" unique_id=902647139 instance=ExtResource("3_y76sa")]
collision_layer = 64
collision_mask = 4
attached_to = 7
can_be_hit_by = 3

[node name="CollisionShape3D" type="CollisionShape3D" parent="Hurtbox" index="0" unique_id=1586219077]
transform = Transform3D(1, 0, 0, 0, 1, 0, 0, 0, 1, 0, 0.34448242, -0.04711914)
shape = SubResource("BoxShape3D_hhcqo")

[node name="Hitbox" parent="." index="7" unique_id=32976655 instance=ExtResource("4_82xbp")]
collision_layer = 32
collision_mask = 8
damage = 30.0
attached_to = 6
can_hit = 4

[node name="CollisionShape3D" type="CollisionShape3D" parent="Hitbox" index="0" unique_id=2111187289]
transform = Transform3D(1, 0, 0, 0, 1, 0, 0, 0, 1, 0, 0.32964128, 0)
shape = SubResource("CapsuleShape3D_pyrbt")
debug_color = Color(0.88557273, 0.00030495643, 0.80888516, 0.41960785)

[node name="CollisionShape3D" type="CollisionShape3D" parent="." index="8" unique_id=642207787]
transform = Transform3D(1, 0, 0, 0, 1, 0, 0, 0, 1, 0, 0.2737732, 0)
shape = SubResource("CapsuleShape3D_pyrbt")
debug_color = Color(0.88557273, 0.00030495643, 0.80888516, 0.41960785)

[editable path="Visuals/Bee"]
