[gd_scene format=3 uid="uid://6pajhvpbog3l"]

[ext_resource type="PackedScene" uid="uid://cbg7uy7lrlyxp" path="res://game/levels/2-Fxx-FlowerField/Fxx_base_level.tscn" id="1_dx66y"]
[ext_resource type="MeshLibrary" uid="uid://b6oqc16j58w4r" path="res://level/tilemap/obstale_tilemap.tres" id="2_bgiv4"]
[ext_resource type="Script" uid="uid://dieiojnt518h" path="res://addons/dreadpon.spatial_gardener/arborist/mmi_octree/mmi_octree_node.gd" id="3_y0gwd"]
[ext_resource type="Script" uid="uid://c4s4x5b27vdf6" path="res://addons/dreadpon.spatial_gardener/arborist/mmi_octree/mmi_octree_manager.gd" id="4_p17t3"]
[ext_resource type="Script" uid="uid://d1pavk3gl4atd" path="res://addons/dreadpon.spatial_gardener/arborist/arborist.gd" id="5_5tf5o"]
[ext_resource type="PackedScene" uid="uid://cxge6pdtvxrls" path="res://game/enemies/bee/bee_new.tscn" id="6_5tf5o"]
[ext_resource type="PackedScene" uid="uid://eu5t5sjl02y1" path="res://game/enemies/2-FlowerField/environment/tall_grass.tscn" id="6_bgiv4"]
[ext_resource type="PackedScene" uid="uid://b0trivf47pxan" path="res://game/enemies/2-FlowerField/dandelion/dandelion_enemy.tscn" id="7_rht6b"]
[ext_resource type="PackedScene" uid="uid://cvwf24te1o5vd" path="res://game/enemies/2-FlowerField/venus_flytrap/venus_flytrap.tscn" id="8_60pja"]

[sub_resource type="NavigationMesh" id="NavigationMesh_rht6b"]
vertices = PackedVector3Array(-4.5, 1.5, -5, -4.25, 1.5, -5, -4.25, 1.5, -5.25, -4.75, 1.5, -5.25, -5, 1.5, -5, -5, 1.5, -4.5, -4.75, 1.5, -5, -4.5, 1.5, -4.5, 5, 1.5, -4.5, 5, 1.5, -4.25, 5.25, 1.5, -4.25, 5.25, 1.5, -5.25, 4.75, 1.5, -5.25, 4.75, 1.5, -5, 4.5, 1.5, -5, 4.5, 1.5, -4.5, -1.25, 1, -4.5, -1.25, 1, -4.25, -1, 1, -4.25, -0.75, 1, -4.5, -0.25, 1, -3.5, -0.25, 1, -3.25, 0, 1, -3.25, 0, 1, -4.25, 0.25, 1, -4.25, 0.25, 1, -4.5, -0.75, 1, -4.75, 1, 1, -4.5, 1, 1, -4.75, -1, 1, -3.5, -4, 1, 4.25, -3.75, 1, 4, -3.75, 1, 3.75, -4, 1, 3.75, -4.25, 1, 4, -4.25, 1, 4.25, -4, 1, 2.75, -3.75, 1, 2.75, -3.75, 1, 2.5, -4.25, 1, 2, -2, 1, 1.25, -1.75, 1, 1.25, -1.75, 1, 1, -0.75, 1, 1, -0.75, 1, 1.25, -0.5, 1, 1.25, -0.75, 1, 0.5, -0.75, 1, 0.25, -1, 1, 0.25, -1.25, 1, -2, -1.25, 1, -2.25, -1.5, 1, -2.25, -2.5, 1, -2.75, -2.25, 1, -3, -2.25, 1, -3.25, -2.5, 1, -3.25, -2.75, 1, -3, -2.75, 1, -2.75, -2.5, 1, -4.25, -2.25, 1, -4.25, -2.25, 1, -4.5, -3.25, 1, -4.5, -3.25, 1, -4.25, -3, 1, -4.25, -3, 1, -3.25, -3.25, 1, -3.25, -3.25, 1, -3, -1, 1, -0.75, -1.5, 1, -0.75, -1.5, 1, 0.25, -2.5, 1, -1.75, -1.75, 1, -1, -1, 1, -1.25, -2.75, 1, -1.75, -2.75, 1, -1.5, -3.25, 1, -1.5, -3.25, 1, -1.25, -3, 1, -1.25, -1.5, 1, -3, -3, 1, -0.75, -2.75, 1, -0.75, -2.75, 1, -1, -1.75, 1, 0.5, -2.75, 1, 0.5, -1.75, 1, -0.75, -1.75, 1, 0.25, -3, 1, 0.75, -2.75, 1, 0.25, -3, 1, 0.25, -3.25, 1, 0.5, -3.25, 1, 0.75, -3, 1, -0.25, -3.25, 1, -0.25, -3.25, 1, 0, -4.25, 1, 0, -4.25, 1, -0.25, -4.5, 1, -0.25, -4.5, 1, 0.75, -4.25, 1, 0.75, -4.25, 1, 0.5, -3, 1, 1.75, -3.25, 1, 1.75, -3.25, 1, 2, -2.75, 1, 2.5, -4.25, 1, 1.75, -4.5, 1, 1.75, -2, 1, 1.75, -0.5, 1, 0.5, -0.75, 1, -0.75, -0.75, 1, -1.25, -4.5, 1, 4, -1, 1, -2, -2.75, 1, 2.75, -2.5, 1, 2.75, -2, 1, 2.25, -2.5, 1, 3.75, -2.75, 1, 3.75, -2.75, 1, 4, 4, 1, 4.25, 3.75, 1, 4.25, 3.75, 1, 4.5, 4, 1, 4.75, 4.75, 1, 4, 4.75, 1, -4, 4, 1, -0.25, 4, 1, 0.75, 2.75, 1, 4.5, 2.75, 1, 4.25, 2.5, 1, 4.25, 2.5, 1, 1.75, 2.75, 1, 1.75, 2.75, 1, 1.5, 3.75, 1, 1.5, 3.75, 1, 1.75, 4, 1, 1.75, 4.25, 1, 4.25, 4.25, 1, 4, 4, 1, 3.25, 4.25, 1, -4, 4.25, 1, -4.25, 4, 1, -4.25, 4, 1, -3.75, -0.75, 1, 2.5, 0.5, 1, 3.25, 0.5, 1, 2.75, -0.5, 1, 2.25, -0.75, 1, 2.25, 4, 1, -2.25, 3.75, 1, -2.25, 3.75, 1, -2, 2.75, 1, -2, 2.75, 1, -2.25, 2.5, 1, -2.25, 1.25, 1, -4.5, 1.25, 1, -4.25, 1.5, 1, -4.25, 2.5, 1, -4.5, 1.75, 1, -3.5, 1.75, 1, -3.25, 2, 1, -3.25, 2, 1, -2.25, 1.75, 1, -2.25, 1.75, 1, -2, 0.75, 1, -2, 0.75, 1, -2.25, 0.5, 1, -2.25, 0.5, 1, -0.75, 0.5, 1, -0.5, 0.75, 1, -0.5, 0.75, 1, -0.25, 1, 1, -0.25, 1, 1, -1.25, 1.25, 1, -1.25, 1.25, 1, -1.5, 2.25, 1, -1.5, 2.25, 1, -1.25, 2.5, 1, -1.25, 2.5, 1, -0.25, 2.75, 1, -0.25, 2.75, 1, -0.5, 3.75, 1, -0.5, 3.75, 1, -0.25, 3.75, 1, 0.75, 3.75, 1, 1, 2, 1, 1.75, 2.75, 1, 1, 2.75, 1, 0.75, 2.5, 1, 0.75, 1.75, 1, 1.5, 1.75, 1, 1.75, 2.25, 1, -0.25, 2.25, 1, 0, 1.25, 1, 0, 1.25, 1, -0.25, 1, 1, 1.5, 2.5, 1, -3.75, 2.5, 1, -3.25, 2, 1, 4.25, 1.75, 1, 4.25, 1.75, 1, 4.5, 0.75, 1, 4.5, 0.75, 1, 4.25, 0.5, 1, 4.25, -0.25, 1, 2, -0.25, 1, 1.75, -0.5, 1, 1.75, -1.75, 1, 2.5, -1.75, 1, 2.25, 2.5, 1, 3.25, 2.75, 1, 3.25, 2.75, 1, 2.75, 2.5, 1, 2.75, 4, 1, 2.75, 3.75, 1, 2.75, 3.75, 1, 3.25, 3.75, 1, -3.75, 3.75, 1, -3.25, 4, 1, -3.25, 2.75, 1, -3.25, 2.75, 1, -3.75, 0.5, 1, -1.25, 0.25, 1, -1.25, 0.25, 1, -0.75, 2, 1, 3.25, 2, 1, 2.75, 1.75, 1, 2.75, 1.75, 1, 3.25, 0.75, 1, 3.25, 0.75, 1, 2.75, -4, 1, 4.75, 1.5, 1, -3.5, 0.5, 1, 2, 3, 1.5, -4.5, 3, 1.5, -4, 3.5, 1.5, -4, 3.5, 1.5, -4.5, -4, 1.5, -4, -4, 1.5, -3.5, -3.5, 1.5, -3.5, -3.5, 1.5, -4, -2, 1.5, -4, -2, 1.5, -3.5, -1.5, 1.5, -3.5, -1.5, 1.5, -4, 0.5, 1.5, -4, 0.5, 1.5, -3.5, 1, 1.5, -3.5, 1, 1.5, -4, -4.5, 1, -1.25, -4.25, 1, -1.25, -4.25, 1, -1.5, -3.75, 1, -1.5, -3.75, 1, -1.75, -4, 1, -1.75, -4.5, 1, -3.25, -4.25, 1, -3, -4, 1, -2.75, -3.75, 1, -2.75, -3.75, 1, -3, -4.25, 1, -3.25, 0.25, 1, -2.5, 0.25, 1, -2.25, 0.25, 1, -3, 0.25, 1, -3.25, 0.5, 1, -3, 0, 1, -2.5, -1, 1.5, -3, -1, 1.5, -2.5, -0.5, 1.5, -2.5, -0.5, 1.5, -3, 1, 1.5, -3, 1, 1.5, -2.5, 1.5, 1.5, -2.5, 1.5, 1.5, -3, 3, 1.5, -3, 3, 1.5, -2.5, 3.5, 1.5, -2.5, 3.5, 1.5, -3, -3.5, 1.5, -2.5, -3.5, 1.5, -2, -3, 1.5, -2, -3, 1.5, -2.5, -0.5, 1.5, -2, -0.5, 1.5, -1.5, 0, 1.5, -1.5, 0, 1.5, -2, -4, 1.5, -1, -4, 1.5, -0.5, -3.5, 1.5, -0.5, -3.5, 1.5, -1, 1.5, 1.5, -1, 1.5, 1.5, -0.5, 2, 1.5, -0.5, 2, 1.5, -1, -2.5, 1.5, -0.5, -2.5, 1.5, 0, -2, 1.5, 0, -2, 1.5, -0.5, 0, 1.5, 0, 0, 1.5, 0.5, 0.25, 1.5, 0.5, 0.5, 1.5, 0, 0.25, 1.5, 1, 0, 1.5, 1, 0, 1.5, 1.5, 0.5, 1.5, 1.5, 3, 1.5, 0, 3, 1.5, 0.5, 3.5, 1.5, 0.5, 3.5, 1.5, 0, -4, 1.5, 1, -4, 1.5, 1.5, -3.5, 1.5, 1.5, -3.5, 1.5, 1, -1.5, 1.5, 1.5, -1.5, 1.5, 2, -1, 1.5, 2, -1, 1.5, 1.5, 1, 1.5, 2, 1, 1.5, 2.5, 1.5, 1.5, 2.5, 1.5, 1.5, 2, 3, 1.5, 2, 3, 1.5, 2.5, 3.5, 1.5, 2.5, 3.5, 1.5, 2, 9.5, 1.5, 2.5, 9.5, 1.5, 3, 10, 1.5, 3, 10, 1.5, 2.5, -3.5, 1.5, 3, -3.5, 1.5, 3.5, -3, 1.5, 3.5, -3, 1.5, 3, 1, 1.5, 3.5, 1, 1.5, 4, 1.5, 1.5, 4, 1.5, 1.5, 3.5, 3, 1.5, 3.5, 3, 1.5, 4, 3.5, 1.5, 4, 3.5, 1.5, 3.5, 5.25, 1.5, 4.25, 5, 1.5, 4.25, 5, 1.5, 4.5, 4.5, 1.5, 4.5, 4.5, 1.5, 5, 4.75, 1.5, 5, 4.75, 1.5, 5.25, 5.25, 1.5, 5.25, -4.25, 1.5, 5.25, -4.25, 1.5, 5, -4.5, 1.5, 5, -4.75, 1.5, 5.25, -4.5, 1.5, 4.5, -4.75, 1.5, 5, -5, 1.5, 4.5, -5, 1.5, 5)
polygons = [PackedInt32Array(1, 0, 2), PackedInt32Array(2, 0, 3), PackedInt32Array(6, 5, 4), PackedInt32Array(6, 3, 0), PackedInt32Array(0, 7, 6), PackedInt32Array(6, 7, 5), PackedInt32Array(10, 9, 8), PackedInt32Array(12, 11, 13), PackedInt32Array(13, 11, 8), PackedInt32Array(8, 11, 10), PackedInt32Array(14, 13, 15), PackedInt32Array(15, 13, 8), PackedInt32Array(17, 16, 18), PackedInt32Array(18, 16, 19), PackedInt32Array(21, 20, 22), PackedInt32Array(22, 20, 23), PackedInt32Array(24, 23, 25), PackedInt32Array(25, 23, 19), PackedInt32Array(25, 19, 26), PackedInt32Array(27, 25, 28), PackedInt32Array(28, 25, 26), PackedInt32Array(18, 19, 29), PackedInt32Array(29, 19, 20), PackedInt32Array(20, 19, 23), PackedInt32Array(35, 34, 30), PackedInt32Array(30, 34, 33), PackedInt32Array(30, 33, 31), PackedInt32Array(31, 33, 32), PackedInt32Array(37, 36, 38), PackedInt32Array(38, 36, 39), PackedInt32Array(42, 41, 40), PackedInt32Array(45, 44, 43), PackedInt32Array(48, 47, 46), PackedInt32Array(51, 50, 49), PackedInt32Array(57, 56, 52), PackedInt32Array(52, 56, 55), PackedInt32Array(52, 55, 53), PackedInt32Array(53, 55, 54), PackedInt32Array(60, 59, 58), PackedInt32Array(63, 62, 61), PackedInt32Array(65, 64, 66), PackedInt32Array(66, 64, 56), PackedInt32Array(69, 68, 48), PackedInt32Array(48, 68, 67), PackedInt32Array(49, 72, 51), PackedInt32Array(51, 72, 71), PackedInt32Array(51, 71, 70), PackedInt32Array(51, 70, 52), PackedInt32Array(74, 73, 70), PackedInt32Array(76, 75, 77), PackedInt32Array(77, 75, 74), PackedInt32Array(53, 78, 52), PackedInt32Array(52, 78, 51), PackedInt32Array(80, 79, 81), PackedInt32Array(81, 79, 77), PackedInt32Array(42, 40, 82), PackedInt32Array(82, 40, 83), PackedInt32Array(68, 84, 71), PackedInt32Array(82, 85, 69), PackedInt32Array(90, 89, 86), PackedInt32Array(86, 89, 88), PackedInt32Array(86, 88, 83), PackedInt32Array(83, 88, 87), PackedInt32Array(92, 91, 93), PackedInt32Array(93, 91, 88), PackedInt32Array(74, 70, 81), PackedInt32Array(81, 70, 71), PackedInt32Array(96, 95, 94), PackedInt32Array(99, 98, 97), PackedInt32Array(99, 97, 94), PackedInt32Array(94, 97, 96), PackedInt32Array(101, 100, 102), PackedInt32Array(102, 100, 103), PackedInt32Array(105, 104, 39), PackedInt32Array(83, 40, 86), PackedInt32Array(86, 40, 106), PackedInt32Array(86, 106, 100), PackedInt32Array(100, 106, 103), PackedInt32Array(56, 64, 55), PackedInt32Array(55, 64, 63), PackedInt32Array(55, 63, 58), PackedInt32Array(88, 89, 93), PackedInt32Array(93, 89, 99), PackedInt32Array(93, 99, 94), PackedInt32Array(81, 77, 74), PackedInt32Array(46, 107, 43), PackedInt32Array(43, 107, 45), PackedInt32Array(68, 71, 67), PackedInt32Array(67, 71, 72), PackedInt32Array(72, 109, 67), PackedInt32Array(67, 109, 108), PackedInt32Array(103, 38, 102), PackedInt32Array(102, 38, 39), PackedInt32Array(34, 110, 33), PackedInt32Array(33, 110, 36), PackedInt32Array(36, 110, 39), PackedInt32Array(39, 110, 105), PackedInt32Array(82, 69, 42), PackedInt32Array(42, 69, 48), PackedInt32Array(42, 48, 46), PackedInt32Array(42, 46, 43), PackedInt32Array(49, 111, 72), PackedInt32Array(63, 61, 58), PackedInt32Array(58, 61, 60), PackedInt32Array(112, 103, 113), PackedInt32Array(113, 103, 114), PackedInt32Array(114, 103, 106), PackedInt32Array(117, 116, 115), PackedInt32Array(119, 118, 120), PackedInt32Array(120, 118, 121), PackedInt32Array(125, 124, 122), PackedInt32Array(122, 124, 123), PackedInt32Array(128, 127, 126), PackedInt32Array(131, 130, 129), PackedInt32Array(134, 133, 132), PackedInt32Array(135, 118, 136), PackedInt32Array(136, 118, 137), PackedInt32Array(139, 138, 140), PackedInt32Array(140, 138, 141), PackedInt32Array(146, 145, 142), PackedInt32Array(142, 145, 144), PackedInt32Array(142, 144, 143), PackedInt32Array(149, 148, 147), PackedInt32Array(152, 151, 150), PackedInt32Array(154, 153, 155), PackedInt32Array(155, 153, 156), PackedInt32Array(159, 158, 157), PackedInt32Array(162, 161, 160), PackedInt32Array(165, 164, 163), PackedInt32Array(168, 167, 166), PackedInt32Array(169, 168, 170), PackedInt32Array(170, 168, 171), PackedInt32Array(172, 171, 173), PackedInt32Array(173, 171, 163), PackedInt32Array(175, 174, 176), PackedInt32Array(176, 174, 150), PackedInt32Array(178, 177, 179), PackedInt32Array(179, 177, 176), PackedInt32Array(181, 180, 124), PackedInt32Array(124, 180, 147), PackedInt32Array(124, 147, 123), PackedInt32Array(183, 182, 125), PackedInt32Array(189, 188, 184), PackedInt32Array(184, 188, 187), PackedInt32Array(184, 187, 185), PackedInt32Array(185, 187, 186), PackedInt32Array(190, 177, 191), PackedInt32Array(191, 177, 187), PackedInt32Array(193, 192, 170), PackedInt32Array(170, 192, 194), PackedInt32Array(159, 157, 196), PackedInt32Array(196, 157, 195), PackedInt32Array(199, 198, 197), PackedInt32Array(202, 201, 200), PackedInt32Array(204, 203, 205), PackedInt32Array(205, 203, 145), PackedInt32Array(199, 126, 121), PackedInt32Array(126, 120, 121), PackedInt32Array(207, 206, 114), PackedInt32Array(114, 206, 113), PackedInt32Array(211, 210, 208), PackedInt32Array(208, 210, 209), PackedInt32Array(180, 149, 147), PackedInt32Array(137, 214, 212), PackedInt32Array(212, 214, 213), PackedInt32Array(128, 126, 197), PackedInt32Array(197, 126, 199), PackedInt32Array(217, 216, 141), PackedInt32Array(141, 216, 215), PackedInt32Array(125, 122, 134), PackedInt32Array(195, 219, 196), PackedInt32Array(196, 219, 218), PackedInt32Array(113, 206, 115), PackedInt32Array(115, 206, 142), PackedInt32Array(166, 222, 220), PackedInt32Array(220, 222, 221), PackedInt32Array(208, 128, 223), PackedInt32Array(223, 128, 197), PackedInt32Array(223, 226, 224), PackedInt32Array(224, 226, 225), PackedInt32Array(191, 187, 192), PackedInt32Array(192, 187, 188), PackedInt32Array(192, 188, 194), PackedInt32Array(144, 228, 143), PackedInt32Array(143, 228, 227), PackedInt32Array(129, 211, 184), PackedInt32Array(184, 211, 224), PackedInt32Array(30, 31, 229), PackedInt32Array(229, 31, 117), PackedInt32Array(229, 117, 202), PackedInt32Array(229, 202, 200), PackedInt32Array(211, 208, 224), PackedInt32Array(224, 208, 223), PackedInt32Array(138, 123, 141), PackedInt32Array(141, 123, 217), PackedInt32Array(230, 155, 157), PackedInt32Array(157, 155, 195), PackedInt32Array(195, 155, 156), PackedInt32Array(171, 220, 163), PackedInt32Array(163, 220, 165), PackedInt32Array(166, 220, 168), PackedInt32Array(168, 220, 171), PackedInt32Array(160, 159, 152), PackedInt32Array(152, 159, 196), PackedInt32Array(184, 131, 129), PackedInt32Array(122, 212, 134), PackedInt32Array(143, 202, 142), PackedInt32Array(142, 202, 115), PackedInt32Array(115, 202, 117), PackedInt32Array(174, 173, 162), PackedInt32Array(162, 173, 163), PackedInt32Array(199, 121, 200), PackedInt32Array(200, 121, 229), PackedInt32Array(152, 150, 160), PackedInt32Array(160, 150, 162), PackedInt32Array(162, 150, 174), PackedInt32Array(183, 125, 132), PackedInt32Array(132, 125, 134), PackedInt32Array(183, 132, 131), PackedInt32Array(176, 150, 179), PackedInt32Array(179, 150, 149), PackedInt32Array(179, 149, 180), PackedInt32Array(184, 185, 131), PackedInt32Array(131, 185, 183), PackedInt32Array(136, 137, 122), PackedInt32Array(122, 137, 212), PackedInt32Array(147, 217, 123), PackedInt32Array(203, 231, 145), PackedInt32Array(145, 231, 144), PackedInt32Array(235, 234, 232), PackedInt32Array(232, 234, 233), PackedInt32Array(239, 238, 236), PackedInt32Array(236, 238, 237), PackedInt32Array(243, 242, 240), PackedInt32Array(240, 242, 241), PackedInt32Array(247, 246, 244), PackedInt32Array(244, 246, 245), PackedInt32Array(250, 249, 248), PackedInt32Array(252, 251, 253), PackedInt32Array(253, 251, 250), PackedInt32Array(255, 250, 254), PackedInt32Array(254, 250, 248), PackedInt32Array(257, 256, 258), PackedInt32Array(258, 256, 255), PackedInt32Array(253, 250, 256), PackedInt32Array(256, 250, 255), PackedInt32Array(254, 259, 255), PackedInt32Array(165, 261, 260), PackedInt32Array(22, 263, 262), PackedInt32Array(262, 264, 260), PackedInt32Array(260, 264, 165), PackedInt32Array(260, 265, 262), PackedInt32Array(262, 265, 22), PackedInt32Array(269, 268, 266), PackedInt32Array(266, 268, 267), PackedInt32Array(273, 272, 270), PackedInt32Array(270, 272, 271), PackedInt32Array(277, 276, 274), PackedInt32Array(274, 276, 275), PackedInt32Array(281, 280, 278), PackedInt32Array(278, 280, 279), PackedInt32Array(285, 284, 282), PackedInt32Array(282, 284, 283), PackedInt32Array(289, 288, 286), PackedInt32Array(286, 288, 287), PackedInt32Array(293, 292, 290), PackedInt32Array(290, 292, 291), PackedInt32Array(297, 296, 294), PackedInt32Array(294, 296, 295), PackedInt32Array(299, 298, 300), PackedInt32Array(300, 298, 301), PackedInt32Array(303, 302, 304), PackedInt32Array(304, 302, 305), PackedInt32Array(300, 301, 302), PackedInt32Array(302, 301, 305), PackedInt32Array(309, 308, 306), PackedInt32Array(306, 308, 307), PackedInt32Array(313, 312, 310), PackedInt32Array(310, 312, 311), PackedInt32Array(317, 316, 314), PackedInt32Array(314, 316, 315), PackedInt32Array(321, 320, 318), PackedInt32Array(318, 320, 319), PackedInt32Array(325, 324, 322), PackedInt32Array(322, 324, 323), PackedInt32Array(329, 328, 326), PackedInt32Array(326, 328, 327), PackedInt32Array(333, 332, 330), PackedInt32Array(330, 332, 331), PackedInt32Array(337, 336, 334), PackedInt32Array(334, 336, 335), PackedInt32Array(341, 340, 338), PackedInt32Array(338, 340, 339), PackedInt32Array(344, 343, 342), PackedInt32Array(346, 345, 347), PackedInt32Array(347, 345, 344), PackedInt32Array(348, 347, 349), PackedInt32Array(349, 347, 344), PackedInt32Array(349, 344, 342), PackedInt32Array(351, 350, 352), PackedInt32Array(352, 350, 353), PackedInt32Array(353, 355, 352), PackedInt32Array(352, 355, 354), PackedInt32Array(357, 356, 355), PackedInt32Array(355, 356, 354)]
agent_radius = 0.25
agent_max_climb = 0.0
edge_max_error = 0.25

[sub_resource type="Resource" id="Resource_60pja"]
resource_local_to_scene = true
resource_name = "MMIOctreeNode"
script = ExtResource("3_y0gwd")
member_placeforms = [[Vector3(7.428732, 0.5029068, -7.120402), Vector3(0, 1, 0), Transform3D(-0.2398929, 0, 0.9707994, 0, 1, 0, -0.9707994, 0, -0.2398929, 7.428732, 0.5029068, -7.120402), 4], [Vector3(7.880399, 0.5029068, -3.388582), Vector3(0, 1, 0), Transform3D(0.91678244, 0, -0.39938694, 0, 1, 0, 0.39938694, 0, 0.91678244, 7.880399, 0.5029068, -3.388582), 4], [Vector3(7.352269, 0.5029068, -3.0551505), Vector3(0, 1, 0), Transform3D(-0.5832372, 0, -0.81230193, 0, 1, 0, 0.81230193, 0, -0.5832372, 7.352269, 0.5029068, -3.0551505), 4], [Vector3(6.9073586, 0.50290686, 0.14651215), Vector3(0, 1, 0), Transform3D(0.8040149, 0, -0.5946092, 0, 1, 0, 0.5946092, 0, 0.8040149, 6.9073586, 0.50290686, 0.14651215), 4], [Vector3(8.3536215, 0.50290686, 3.9601183), Vector3(0, 1, 0), Transform3D(-0.9951404, 0, 0.09846661, 0, 1, 0, -0.09846661, 0, -0.9951404, 8.3536215, 0.50290686, 3.9601183), 4], [Vector3(-2.2486174, 0.50290686, 7.9693813), Vector3(0, 1, 0), Transform3D(0.50541925, 0, -0.8628739, 0, 1, 0, 0.8628739, 0, 0.50541925, -2.2486174, 0.50290686, 7.9693813), 0], [Vector3(-5.6900496, 0.50290686, 8.800744), Vector3(0, 1, 0), Transform3D(0.99375945, 0, 0.11154436, 0, 1, 0, -0.11154436, 0, 0.99375945, -5.6900496, 0.50290686, 8.800744), 0], [Vector3(-7.105382, 0.5029067, 7.1219974), Vector3(0, 1, 0), Transform3D(-0.96562135, 0, -0.2599527, 0, 1, 0, 0.2599527, 0, -0.96562135, -7.105382, 0.5029067, 7.1219974), 0], [Vector3(-5.321544, 0.50290686, 6.5971794), Vector3(0, 1, 0), Transform3D(0.18323873, 0, -0.98306847, 0, 1, 0, 0.98306847, 0, 0.18323873, -5.321544, 0.50290686, 6.5971794), 0], [Vector3(-5.746347, 0.50290686, 3.1376946), Vector3(0, 1, 0), Transform3D(-0.98433554, 0, 0.17630515, 0, 1, 0, -0.17630515, 0, -0.98433554, -5.746347, 0.50290686, 3.1376946), 0], [Vector3(-5.333813, 0.50290686, 1.8029672), Vector3(0, 1, 0), Transform3D(0.9797416, 0, 0.20026615, 0, 1, 0, -0.20026615, 0, 0.9797416, -5.333813, 0.50290686, 1.8029672), 0], [Vector3(-6.5746965, 0.50290686, 3.060288), Vector3(0, 1, 0), Transform3D(-0.9565128, 0, 0.2916903, 0, 1, 0, -0.2916903, 0, -0.9565128, -6.5746965, 0.50290686, 3.060288), 0], [Vector3(-5.63777, 0.50290686, 1.8303742), Vector3(0, 1, 0), Transform3D(0.15523973, 0, 0.98787683, 0, 1, 0, -0.98787683, 0, 0.15523973, -5.63777, 0.50290686, 1.8303742), 0], [Vector3(-5.590967, 0.50290686, -0.15515763), Vector3(0, 1, 0), Transform3D(-0.7518751, 0, 0.6593056, 0, 1, 0, -0.6593056, 0, -0.7518751, -5.590967, 0.50290686, -0.15515763), 0], [Vector3(-5.612471, 0.50290686, -0.21017107), Vector3(0, 1, 0), Transform3D(-0.3329823, 0, 0.9429331, 0, 1, 0, -0.9429331, 0, -0.3329823, -5.612471, 0.50290686, -0.21017107), 0], [Vector3(-8.531413, 0.5029068, 0.6085577), Vector3(0, 1, 0), Transform3D(0.99786395, 0, 0.06532678, 0, 1, 0, -0.06532678, 0, 0.99786395, -8.531413, 0.5029068, 0.6085577), 0], [Vector3(-9.109271, 0.50290686, -2.7315874), Vector3(0, 1, 0), Transform3D(-0.8501165, 0, -0.5265947, 0, 1, 0, 0.5265947, 0, -0.8501165, -9.109271, 0.50290686, -2.7315874), 0], [Vector3(-7.004081, 0.50290686, -1.6691194), Vector3(0, 1, 0), Transform3D(-0.008446908, 0, 0.99996436, 0, 1, 0, -0.99996436, 0, -0.008446908, -7.004081, 0.50290686, -1.6691194), 0], [Vector3(-5.2796907, 0.50290686, -4.4238725), Vector3(0, 1, 0), Transform3D(0.9852356, 0, 0.17120448, 0, 1, 0, -0.17120448, 0, 0.9852356, -5.2796907, 0.50290686, -4.4238725), 0], [Vector3(-4.5141153, 0.50290686, -5.846446), Vector3(0, 1, 0), Transform3D(0.9509139, 0, 0.30945554, 0, 1, 0, -0.30945554, 0, 0.9509139, -4.5141153, 0.50290686, -5.846446), 0], [Vector3(-4.5046206, 0.50290686, -7.348329), Vector3(0, 1, 0), Transform3D(0.9909544, 0, -0.13419922, 0, 1, 0, 0.13419922, 0, 0.9909544, -4.5046206, 0.50290686, -7.348329), 0], [Vector3(-1.7679212, 0.50290686, -9.820993), Vector3(0, 1, 0), Transform3D(-0.4624567, 0, -0.88664186, 0, 1, 0, 0.88664186, 0, -0.4624567, -1.7679212, 0.50290686, -9.820993), 0], [Vector3(1.3261193, 0.50290686, -7.9927597), Vector3(0, 1, 0), Transform3D(0.8031687, 0, -0.59575164, 0, 1, 0, 0.59575164, 0, 0.8031687, 1.3261193, 0.50290686, -7.9927597), 4]]
max_members = 75
min_leaf_extent = 1.0
octant = -1
is_leaf = true
center_pos = Vector3(-1, 11, 17)
extent = 32.0
bounds = AABB(-33, -21, -15, 64, 64, 64)
max_bounds_to_center_dist = 55.42562584220407
min_bounds_to_center_dist = 32.0
active_LOD_index = 0
metadata/class = "MMIOctreeNode"

[sub_resource type="Resource" id="Resource_iy8q7"]
resource_local_to_scene = true
resource_name = "MMIOctreeManager"
script = ExtResource("4_p17t3")
root_octree_node = SubResource("Resource_60pja")
metadata/class = "MMIOctreeManager"

[sub_resource type="Resource" id="Resource_j5iwo"]
resource_local_to_scene = true
resource_name = "MMIOctreeNode"
script = ExtResource("3_y0gwd")
member_placeforms = [[Vector3(8.083913, 0.5029068, -7.3910894), Vector3(0, 1, 0), Transform3D(0.4517963, 0, -0.89212114, 0, 1, 0, 0.89212114, 0, 0.4517963, 8.083913, 0.5029068, -7.3910894), 6], [Vector3(7.3948455, 0.50290686, -3.45611), Vector3(0, 1, 0), Transform3D(0.84540856, 0, -0.5341202, 0, 1, 0, 0.5341202, 0, 0.84540856, 7.3948455, 0.50290686, -3.45611), 6], [Vector3(9.013026, 0.50290686, -2.8474097), Vector3(0, 1, 0), Transform3D(-0.5032402, 0, 0.8641466, 0, 1, 0, -0.8641466, 0, -0.5032402, 9.013026, 0.50290686, -2.8474097), 6], [Vector3(8.594966, 0.50290686, 0.64647233), Vector3(0, 1, 0), Transform3D(0.8046041, 0, 0.59381163, 0, 1, 0, -0.59381163, 0, 0.8046041, 8.594966, 0.50290686, 0.64647233), 6], [Vector3(9.24555, 0.50290686, 2.0612955), Vector3(0, 1, 0), Transform3D(0.19323823, 0, 0.9811519, 0, 1, 0, -0.9811519, 0, 0.19323823, 9.24555, 0.50290686, 2.0612955), 7], [Vector3(8.860439, 0.50290686, 1.2930051), Vector3(0, 1, 0), Transform3D(0.91844964, 0, -0.39553803, 0, 1, 0, 0.39553803, 0, 0.91844964, 8.860439, 0.50290686, 1.2930051), 7], [Vector3(5.358238, 0.50290686, 7.845212), Vector3(0, 1, 0), Transform3D(0.25564387, 0, -0.96677107, 0, 1, 0, 0.96677107, 0, 0.25564387, 5.358238, 0.50290686, 7.845212), 7], [Vector3(-2.5953488, 0.5029068, 6.89814), Vector3(0, 1, 0), Transform3D(-0.25122747, 0, 0.9679281, 0, 1, 0, -0.9679281, 0, -0.25122747, -2.5953488, 0.5029068, 6.89814), 3], [Vector3(-5.890542, 0.50290686, 8.811739), Vector3(0, 1, 0), Transform3D(0.28772122, 0, -0.95771426, 0, 1, 0, 0.95771426, 0, 0.28772122, -5.890542, 0.50290686, 8.811739), 3], [Vector3(-7.6110606, 0.50290686, 5.6051345), Vector3(0, 1, 0), Transform3D(0.99953455, 0, -0.030507749, 0, 1, 0, 0.030507749, 0, 0.99953455, -7.6110606, 0.50290686, 5.6051345), 3], [Vector3(-6.5379267, 0.5029068, 4.147079), Vector3(0, 1, 0), Transform3D(-0.86986375, 0, -0.4932921, 0, 1, 0, 0.4932921, 0, -0.86986375, -6.5379267, 0.5029068, 4.147079), 3], [Vector3(-5.4318037, 0.50290686, 3.1130512), Vector3(0, 1, 0), Transform3D(-0.5973507, 0, -0.8019802, 0, 1, 0, 0.8019802, 0, -0.5973507, -5.4318037, 0.50290686, 3.1130512), 3], [Vector3(-8.266623, 0.50290686, 3.5207047), Vector3(0, 1, 0), Transform3D(0.4202415, 0, -0.9074123, 0, 1, 0, 0.9074123, 0, 0.4202415, -8.266623, 0.50290686, 3.5207047), 3], [Vector3(-5.7616396, 0.50290686, 2.7324867), Vector3(0, 1, 0), Transform3D(-0.9994237, 0, -0.03394591, 0, 1, 0, 0.03394591, 0, -0.9994237, -5.7616396, 0.50290686, 2.7324867), 3], [Vector3(-6.0268745, 0.50290686, 2.720633), Vector3(0, 1, 0), Transform3D(-0.9999581, 0, -0.0091561945, 0, 1, 0, 0.0091561945, 0, -0.9999581, -6.0268745, 0.50290686, 2.720633), 3], [Vector3(-8.6207695, 0.50290686, 2.4861107), Vector3(0, 1, 0), Transform3D(0.6837564, 0, -0.72971034, 0, 1, 0, 0.72971034, 0, 0.6837564, -8.6207695, 0.50290686, 2.4861107), 3], [Vector3(-6.156234, 0.50290686, -0.9409282), Vector3(0, 1, 0), Transform3D(-0.83301896, 0, -0.5532445, 0, 1, 0, 0.5532445, 0, -0.83301896, -6.156234, 0.50290686, -0.9409282), 2], [Vector3(-8.537047, 0.50290686, -4.140451), Vector3(0, 1, 0), Transform3D(-0.9061359, 0, 0.4229867, 0, 1, 0, -0.4229867, 0, -0.9061359, -8.537047, 0.50290686, -4.140451), 2], [Vector3(-6.584697, 0.50290686, -3.0104284), Vector3(0, 1, 0), Transform3D(-0.8199528, 0, -0.57243127, 0, 1, 0, 0.57243127, 0, -0.8199528, -6.584697, 0.50290686, -3.0104284), 2], [Vector3(-8.214412, 0.50290686, -6.3331714), Vector3(0, 1, 0), Transform3D(-0.95732886, 0, 0.2890009, 0, 1, 0, -0.2890009, 0, -0.95732886, -8.214412, 0.50290686, -6.3331714), 2], [Vector3(-5.494861, 0.50290686, -4.9816713), Vector3(0, 1, 0), Transform3D(-0.99050635, 0, -0.13746732, 0, 1, 0, 0.13746731, 0, -0.99050635, -5.494861, 0.50290686, -4.9816713), 2], [Vector3(-7.5879, 0.50290686, -8.32314), Vector3(0, 1, 0), Transform3D(-0.62071425, 0, -0.7840369, 0, 1, 0, 0.7840369, 0, -0.62071425, -7.5879, 0.50290686, -8.32314), 2], [Vector3(-7.770624, 0.50290686, -7.9001813), Vector3(0, 1, 0), Transform3D(-0.46711072, 0, 0.88419884, 0, 1, 0, -0.88419884, 0, -0.46711072, -7.770624, 0.50290686, -7.9001813), 2], [Vector3(-6.3886695, 0.50290686, -9.189358), Vector3(0, 1, 0), Transform3D(0.97350013, 0, -0.22868635, 0, 1, 0, 0.22868635, 0, 0.97350013, -6.3886695, 0.50290686, -9.189358), 2], [Vector3(-3.5725, 0.50290686, -8.324999), Vector3(0, 1, 0), Transform3D(-0.93931204, 0, 0.3430641, 0, 1, 0, -0.3430641, 0, -0.939312, -3.5725, 0.50290686, -8.324999), 2], [Vector3(-2.1576035, 0.5029069, -8.595562), Vector3(0, 1, 0), Transform3D(0.35274404, 0, 0.93571985, 0, 1, 0, -0.93571985, 0, 0.35274404, -2.1576035, 0.5029069, -8.595562), 2], [Vector3(3.3566766, 0.50290686, -9.838521), Vector3(0, 1, 0), Transform3D(0.8256879, 0, 0.56412727, 0, 1, 0, -0.56412727, 0, 0.8256879, 3.3566766, 0.50290686, -9.838521), 6]]
max_members = 75
min_leaf_extent = 1.0
octant = -1
is_leaf = true
center_pos = Vector3(-1, -5, 1)
extent = 16.0
bounds = AABB(-17, -21, -15, 32, 32, 32)
max_bounds_to_center_dist = 27.712812921102035
min_bounds_to_center_dist = 16.0
active_LOD_index = 0
metadata/class = "MMIOctreeNode"

[sub_resource type="Resource" id="Resource_gqnna"]
resource_local_to_scene = true
resource_name = "MMIOctreeManager"
script = ExtResource("4_p17t3")
root_octree_node = SubResource("Resource_j5iwo")
metadata/class = "MMIOctreeManager"

[sub_resource type="Resource" id="Resource_s85b4"]
resource_local_to_scene = true
resource_name = "MMIOctreeNode"
script = ExtResource("3_y0gwd")
member_placeforms = [[Vector3(6.7425876, 0.5029068, -5.588127), Vector3(0, 1, 0), Transform3D(0.22739011, 0, -0.97380376, 0, 1, 0, 0.97380376, 0, 0.22739011, 6.7425876, 0.5029068, -5.588127), 1], [Vector3(6.234579, 0.50290686, -4.989982), Vector3(0, 1, 0), Transform3D(-0.92259943, 0, -0.38575932, 0, 1, 0, 0.38575932, 0, -0.92259943, 6.234579, 0.50290686, -4.989982), 1], [Vector3(9.472482, 0.50290686, -4.767507), Vector3(0, 1, 0), Transform3D(-0.98426735, 0, 0.17668556, 0, 1, 0, -0.17668556, 0, -0.98426735, 9.472482, 0.50290686, -4.767507), 1], [Vector3(6.3973026, 0.50290686, -1.9120035), Vector3(0, 1, 0), Transform3D(-0.53154504, 0, -0.84703004, 0, 1, 0, 0.84703004, 0, -0.53154504, 6.3973026, 0.50290686, -1.9120035), 1], [Vector3(9.064156, 0.5029069, -1.0866072), Vector3(0, 1, 0), Transform3D(-0.98010844, 0, 0.19846272, 0, 1, 0, -0.19846272, 0, -0.98010844, 9.064156, 0.5029069, -1.0866072), 1], [Vector3(9.128157, 0.50290686, 1.565464), Vector3(0, 1, 0), Transform3D(-0.06474179, 0, 0.99790204, 0, 1, 0, -0.99790204, 0, -0.06474179, 9.128157, 0.50290686, 1.565464), 1], [Vector3(8.657161, 0.50290686, 3.8176098), Vector3(0, 1, 0), Transform3D(-0.1330676, 0, -0.991107, 0, 1, 0, 0.991107, 0, -0.1330676, 8.657161, 0.50290686, 3.8176098), 1], [Vector3(6.925822, 0.5029068, 5.5881925), Vector3(0, 1, 0), Transform3D(-0.8662693, 0, 0.49957743, 0, 1, 0, -0.49957743, 0, -0.8662693, 6.925822, 0.5029068, 5.5881925), 1], [Vector3(7.0240283, 0.50290686, 7.6151414), Vector3(0, 1, 0), Transform3D(0.9100259, 0, -0.41455147, 0, 1, 0, 0.41455147, 0, 0.9100259, 7.0240283, 0.50290686, 7.6151414), 1], [Vector3(3.8466315, 0.50290686, 8.034563), Vector3(0, 1, 0), Transform3D(-0.96996975, 0, -0.24322577, 0, 1, 0, 0.24322577, 0, -0.96996975, 3.8466315, 0.50290686, 8.034563), 1], [Vector3(0.18669045, 0.50290686, 9.075449), Vector3(0, 1, 0), Transform3D(-0.931107, 0, -0.36474627, 0, 1, 0, 0.36474627, 0, -0.931107, 0.18669045, 0.50290686, 9.075449), 1], [Vector3(-0.63299197, 0.5029068, 8.384955), Vector3(0, 1, 0), Transform3D(-0.5326991, 0, 0.8463048, 0, 1, 0, -0.8463048, 0, -0.5326991, -0.63299197, 0.5029068, 8.384955), 1], [Vector3(-0.8808918, 0.50290686, 8.556927), Vector3(0, 1, 0), Transform3D(-0.1327038, 0, 0.99115574, 0, 1, 0, -0.99115574, 0, -0.1327038, -0.8808918, 0.50290686, 8.556927), 1], [Vector3(-4.5069966, 0.50290686, 8.36672), Vector3(0, 1, 0), Transform3D(0.2647632, 0, -0.9643135, 0, 1, 0, 0.9643135, 0, 0.2647632, -4.5069966, 0.50290686, 8.36672), 1], [Vector3(-4.4280457, 0.50290686, 8.285824), Vector3(0, 1, 0), Transform3D(0.9721135, 0, -0.23451096, 0, 1, 0, 0.23451096, 0, 0.9721135, -4.4280457, 0.50290686, 8.285824), 1], [Vector3(-4.561433, 0.50290686, 8.167541), Vector3(0, 1, 0), Transform3D(0.05751943, 0, -0.9983444, 0, 1, 0, 0.9983444, 0, 0.057519432, -4.561433, 0.50290686, 8.167541), 1], [Vector3(-7.9653597, 0.50290686, 7.33274), Vector3(0, 1, 0), Transform3D(-0.7739287, 0, 0.6332727, 0, 1, 0, -0.6332727, 0, -0.7739287, -7.9653597, 0.50290686, 7.33274), 1], [Vector3(-7.391905, 0.50290686, 7.573955), Vector3(0, 1, 0), Transform3D(0.6440696, 0, -0.7649669, 0, 1, 0, 0.7649669, 0, 0.6440696, -7.391905, 0.50290686, 7.573955), 1], [Vector3(-8.597644, 0.50290686, 5.3006573), Vector3(0, 1, 0), Transform3D(-0.9131015, 0, 0.4077323, 0, 1, 0, -0.4077323, 0, -0.9131015, -8.597644, 0.50290686, 5.3006573), 1], [Vector3(-7.094536, 0.50290686, 6.13927), Vector3(0, 1, 0), Transform3D(-0.96006113, 0, 0.27979022, 0, 1, 0, -0.27979022, 0, -0.96006113, -7.094536, 0.50290686, 6.13927), 1], [Vector3(-8.134384, 0.5029068, 4.953684), Vector3(0, 1, 0), Transform3D(0.15751652, 0, -0.98751634, 0, 1, 0, 0.98751634, 0, 0.15751652, -8.134384, 0.5029068, 4.953684), 1], [Vector3(-8.756899, 0.50290686, 4.234155), Vector3(0, 1, 0), Transform3D(-0.98544675, 0, -0.16998473, 0, 1, 0, 0.16998473, 0, -0.98544675, -8.756899, 0.50290686, 4.234155), 1], [Vector3(-5.8619394, 0.50290686, 0.35794497), Vector3(0, 1, 0), Transform3D(-0.9395783, 0, 0.3423342, 0, 1, 0, -0.3423342, 0, -0.9395783, -5.8619394, 0.50290686, 0.35794497), 1], [Vector3(-9.475304, 0.50290686, -1.6444092), Vector3(0, 1, 0), Transform3D(-0.36235574, 0, -0.9320399, 0, 1, 0, 0.9320399, 0, -0.36235574, -9.475304, 0.50290686, -1.6444092), 1], [Vector3(-6.772075, 0.5029068, -2.1600056), Vector3(0, 1, 0), Transform3D(0.7181542, 0, -0.69588405, 0, 1, 0, 0.69588405, 0, 0.7181542, -6.772075, 0.5029068, -2.1600056), 1], [Vector3(-5.4499307, 0.50290686, -2.9865813), Vector3(0, 1, 0), Transform3D(-0.996982, 0, 0.0776337, 0, 1, 0, -0.0776337, 0, -0.996982, -5.4499307, 0.50290686, -2.9865813), 1], [Vector3(-5.2714, 0.50290686, -5.3769293), Vector3(0, 1, 0), Transform3D(-0.6484865, 0, -0.76122624, 0, 1, 0, 0.76122624, 0, -0.6484865, -5.2714, 0.50290686, -5.3769293), 1], [Vector3(-4.5108857, 0.5029068, -8.534959), Vector3(0, 1, 0), Transform3D(-0.99972606, 0, 0.023405487, 0, 1, 0, -0.023405487, 0, -0.99972606, -4.5108857, 0.5029068, -8.534959), 0], [Vector3(-0.93562126, 0.50290686, -6.7949314), Vector3(0, 1, 0), Transform3D(0.24684712, 0, 0.96905446, 0, 1, 0, -0.96905446, 0, 0.24684712, -0.93562126, 0.50290686, -6.7949314), 1], [Vector3(0.49698806, 0.50290686, -9.311595), Vector3(0, 1, 0), Transform3D(-0.704682, 0, -0.7095233, 0, 1, 0, 0.7095233, 0, -0.704682, 0.49698806, 0.50290686, -9.311595), 0], [Vector3(3.5416093, 0.5029068, -7.8496156), Vector3(0, 1, 0), Transform3D(-0.75480074, 0, 0.6559542, 0, 1, 0, -0.6559542, 0, -0.75480074, 3.5416093, 0.5029068, -7.8496156), 1]]
max_members = 75
min_leaf_extent = 1.0
octant = -1
is_leaf = true
center_pos = Vector3(11.365826, 10.456686, -8.251268)
extent = 39.815117
bounds = AABB(-28.449291, -29.35843, -48.066383, 79.63023, 79.63023, 79.63023)
max_bounds_to_center_dist = 68.96180555329933
min_bounds_to_center_dist = 39.815117
active_LOD_index = 0
metadata/class = "MMIOctreeNode"

[sub_resource type="Resource" id="Resource_j1wde"]
resource_local_to_scene = true
resource_name = "MMIOctreeManager"
script = ExtResource("4_p17t3")
root_octree_node = SubResource("Resource_s85b4")
metadata/class = "MMIOctreeManager"

[sub_resource type="Resource" id="Resource_ik76y"]
resource_local_to_scene = true
resource_name = "MMIOctreeNode"
script = ExtResource("3_y0gwd")
max_members = 75
min_leaf_extent = 1.0
octant = -1
is_leaf = true
center_pos = Vector3(-17, 11, 7)
extent = 32.0
bounds = AABB(-49, -21, -25, 64, 64, 64)
max_bounds_to_center_dist = 55.42562584220407
min_bounds_to_center_dist = 32.0
active_LOD_index = 0
metadata/class = "MMIOctreeNode"

[sub_resource type="Resource" id="Resource_mx5jd"]
resource_local_to_scene = true
resource_name = "MMIOctreeManager"
script = ExtResource("4_p17t3")
root_octree_node = SubResource("Resource_ik76y")
metadata/class = "MMIOctreeManager"

[sub_resource type="Resource" id="Resource_k2xuo"]
resource_local_to_scene = true
resource_name = "MMIOctreeNode"
script = ExtResource("3_y0gwd")
member_placeforms = [[Vector3(-3.7941175, 0.50290686, -8.770328), Vector3(0, 1, 0), Transform3D(-0.12198693, 0, 0.9925317, 0, 1, 0, -0.9925317, 0, -0.12198693, -3.7941175, 0.50290686, -8.770328), 4], [Vector3(6.468935, 0.50290686, -4.2141414), Vector3(0, 1, 0), Transform3D(-0.13710696, 0, 0.9905563, 0, 1, 0, -0.9905563, 0, -0.13710696, 6.468935, 0.50290686, -4.2141414), 5], [Vector3(6.4037886, 0.50290686, -3.9122906), Vector3(0, 1, 0), Transform3D(-0.22569111, 0, -0.97419894, 0, 1, 0, 0.97419894, 0, -0.22569111, 6.4037886, 0.50290686, -3.9122906), 5], [Vector3(-4.041452, 0.5029068, 6.560816), Vector3(0, 1, 0), Transform3D(0.19593978, 0, -0.9806159, 0, 1, 0, 0.9806159, 0, 0.19593978, -4.041452, 0.5029068, 6.560816), 5], [Vector3(-7.201608, 0.50290686, 6.12638), Vector3(0, 1, 0), Transform3D(-0.31480488, 0, -0.9491564, 0, 1, 0, 0.9491564, 0, -0.31480488, -7.201608, 0.50290686, 6.12638), 5], [Vector3(-4.5322604, 0.50290686, 5.9612136), Vector3(0, 1, 0), Transform3D(-0.92759216, 0, -0.37359443, 0, 1, 0, 0.37359443, 0, -0.92759216, -4.5322604, 0.50290686, 5.9612136), 5], [Vector3(-7.206436, 0.50290686, 5.826763), Vector3(0, 1, 0), Transform3D(0.008164955, 0, 0.9999667, 0, 1, 0, -0.9999667, 0, 0.008164955, -7.206436, 0.50290686, 5.826763), 5], [Vector3(-7.9038677, 0.50290686, 4.751973), Vector3(0, 1, 0), Transform3D(0.7445181, 0, 0.6676023, 0, 1, 0, -0.6676023, 0, 0.7445181, -7.9038677, 0.50290686, 4.751973), 5], [Vector3(-6.1738834, 0.50290686, 5.740156), Vector3(0, 1, 0), Transform3D(-0.12354315, 0, 0.9923392, 0, 1, 0, -0.9923392, 0, -0.12354315, -6.1738834, 0.50290686, 5.740156), 5], [Vector3(-7.0314612, 0.50290686, 5.188575), Vector3(0, 1, 0), Transform3D(-0.7845543, 0, 0.62006015, 0, 1, 0, -0.62006015, 0, -0.7845543, -7.0314612, 0.50290686, 5.188575), 5], [Vector3(-5.6939025, 0.50290686, 1.8389536), Vector3(0, 1, 0), Transform3D(-0.6648835, 0, 0.7469471, 0, 1, 0, -0.7469471, 0, -0.6648835, -5.6939025, 0.50290686, 1.8389536), 5], [Vector3(-8.431276, 0.50290686, -1.3908205), Vector3(0, 1, 0), Transform3D(0.9999365, 0, 0.011269243, 0, 1, 0, -0.011269243, 0, 0.9999365, -8.431276, 0.50290686, -1.3908205), 5], [Vector3(-2.5514975, 0.50290686, -9.471563), Vector3(0, 1, 0), Transform3D(0.96335286, 0, -0.2682375, 0, 1, 0, 0.26823747, 0, 0.96335286, -2.5514975, 0.50290686, -9.471563), 4], [Vector3(-1.4219542, 0.5029068, -9.193586), Vector3(0, 1, 0), Transform3D(0.89297783, 0, 0.4501007, 0, 1, 0, -0.4501007, 0, 0.89297783, -1.4219542, 0.5029068, -9.193586), 4], [Vector3(1.2673508, 0.5029068, -8.631131), Vector3(0, 1, 0), Transform3D(0.39520165, 0, 0.9185944, 0, 1, 0, -0.9185944, 0, 0.39520165, 1.2673508, 0.5029068, -8.631131), 4], [Vector3(4.6573625, 0.50290686, -6.155464), Vector3(0, 1, 0), Transform3D(0.13531655, 0, -0.99080247, 0, 1, 0, 0.99080247, 0, 0.13531655, 4.6573625, 0.50290686, -6.155464), 5], [Vector3(6.900855, 0.5029068, -6.4130373), Vector3(0, 1, 0), Transform3D(0.23226878, 0, 0.97265166, 0, 1, 0, -0.97265166, 0, 0.23226878, 6.900855, 0.5029068, -6.4130373), 5], [Vector3(1.9481055, 0.50290686, -5.87599), Vector3(0, 1, 0), Transform3D(0.22236057, 0, -0.9749645, 0, 1, 0, 0.9749645, 0, 0.22236057, 1.9481055, 0.50290686, -5.87599), 5], [Vector3(4.1059804, 0.50290686, -5.6156697), Vector3(0, 1, 0), Transform3D(-0.9443452, 0, -0.32895616, 0, 1, 0, 0.32895616, 0, -0.9443452, 4.1059804, 0.50290686, -5.6156697), 5], [Vector3(7.1412964, 0.50290686, -6.700506), Vector3(0, 1, 0), Transform3D(0.1291935, 0, 0.9916194, 0, 1, 0, -0.9916194, 0, 0.1291935, 7.1412964, 0.50290686, -6.700506), 5], [Vector3(9.872134, 0.50290686, -5.1020255), Vector3(0, 1, 0), Transform3D(-0.9838709, 0, 0.17887986, 0, 1, 0, -0.17887986, 0, -0.9838709, 9.872134, 0.50290686, -5.1020255), 5], [Vector3(4.1743217, 0.50290686, -8.133097), Vector3(0, 1, 0), Transform3D(0.9527404, 0, -0.30378583, 0, 1, 0, 0.30378583, 0, 0.9527404, 4.1743217, 0.50290686, -8.133097), 4], [Vector3(1.3388048, 0.50290686, -6.6323056), Vector3(0, 1, 0), Transform3D(-0.13277918, 0, -0.9911457, 0, 1, 0, 0.9911457, 0, -0.13277918, 1.3388048, 0.50290686, -6.6323056), 5], [Vector3(-5.8460164, 0.50290686, -9.181029), Vector3(0, 1, 0), Transform3D(0.38718444, 0, -0.92200226, 0, 1, 0, 0.92200226, 0, 0.38718444, -5.8460164, 0.50290686, -9.181029), 4], [Vector3(-7.9337783, 0.50290686, -6.688835), Vector3(0, 1, 0), Transform3D(0.8837848, 0, 0.46789366, 0, 1, 0, -0.46789366, 0, 0.8837848, -7.9337783, 0.50290686, -6.688835), 5], [Vector3(-8.645137, 0.50290686, -9.14157), Vector3(0, 1, 0), Transform3D(-0.5307246, 0, 0.8475444, 0, 1, 0, -0.8475444, 0, -0.5307246, -8.645137, 0.50290686, -9.14157), 4], [Vector3(-9.280208, 0.50290686, -3.884086), Vector3(0, 1, 0), Transform3D(0.07895592, 0, -0.9968781, 0, 1, 0, 0.9968781, 0, 0.07895592, -9.280208, 0.50290686, -3.884086), 5], [Vector3(-8.392081, 0.50290686, 1.5601747), Vector3(0, 1, 0), Transform3D(-0.7144742, 0, 0.6996618, 0, 1, 0, -0.6996618, 0, -0.7144742, -8.392081, 0.50290686, 1.5601747), 5]]
max_members = 75
min_leaf_extent = 1.0
octant = -1
is_leaf = true
center_pos = Vector3(-17, 11, -7)
extent = 32.0
bounds = AABB(-49, -21, -39, 64, 64, 64)
max_bounds_to_center_dist = 55.42562584220407
min_bounds_to_center_dist = 32.0
active_LOD_index = 0
metadata/class = "MMIOctreeNode"

[sub_resource type="Resource" id="Resource_wat2o"]
resource_local_to_scene = true
resource_name = "MMIOctreeManager"
script = ExtResource("4_p17t3")
root_octree_node = SubResource("Resource_k2xuo")
metadata/class = "MMIOctreeManager"

[sub_resource type="Resource" id="Resource_2gia4"]
resource_local_to_scene = true
resource_name = "MMIOctreeNode"
script = ExtResource("3_y0gwd")
