[gd_scene format=3 uid="uid://ffw8tc45oh7y"]

[ext_resource type="PackedScene" uid="uid://cbg7uy7lrlyxp" path="res://game/levels/2-Fxx-FlowerField/Fxx_base_level.tscn" id="1_m07xh"]
[ext_resource type="MeshLibrary" uid="uid://b6oqc16j58w4r" path="res://level/tilemap/obstale_tilemap.tres" id="2_0xpgx"]
[ext_resource type="Script" uid="uid://dieiojnt518h" path="res://addons/dreadpon.spatial_gardener/arborist/mmi_octree/mmi_octree_node.gd" id="2_d8g33"]
[ext_resource type="Script" uid="uid://c4s4x5b27vdf6" path="res://addons/dreadpon.spatial_gardener/arborist/mmi_octree/mmi_octree_manager.gd" id="3_0xpgx"]
[ext_resource type="Script" uid="uid://d1pavk3gl4atd" path="res://addons/dreadpon.spatial_gardener/arborist/arborist.gd" id="4_g37r8"]
[ext_resource type="PackedScene" uid="uid://6a7sqb7k1j5w" path="res://game/enemies/2-FlowerField/briar_knight/briar_knight.tscn" id="6_dn6t5"]
[ext_resource type="PackedScene" uid="uid://cxge6pdtvxrls" path="res://game/enemies/bee/bee_new.tscn" id="7_lbiee"]
[ext_resource type="PackedScene" uid="uid://b0trivf47pxan" path="res://game/enemies/2-FlowerField/dandelion/dandelion_enemy.tscn" id="8_jriwk"]
[ext_resource type="PackedScene" uid="uid://eu5t5sjl02y1" path="res://game/enemies/2-FlowerField/environment/tall_grass.tscn" id="9_jceju"]
[ext_resource type="PackedScene" uid="uid://b1l2qwlh68hvn" path="res://game/enemies/box/DestructibleBox.tscn" id="10_n4l1e"]

[sub_resource type="NavigationMesh" id="NavigationMesh_g37r8"]
vertices = PackedVector3Array(1.5, 1, -0.25, 1.75, 1, -0.25, 1.75, 1, -0.5, -1.75, 1, -0.5, -1.75, 1, -0.25, -1.5, 1, -0.25, 1, 1, -4.5, 1, 1, -4.75, -0.75, 1, -4.75, -0.75, 1, -4.5, 4.75, 1, -0.5, 4.75, 1, -4.5, -1.5, 1, 0.25, 1.5, 1, 0.25, -4.5, 1, -4.5, -4.5, 1, -0.5, -4.5, 1.5, 0.5, -4.25, 1.5, 0.5, -4.25, 1.5, 0.25, -4.5, 1.5, 0, -2.25, 1.5, 0.25, -2, 1.5, 0, -2.25, 1.5, 0.5, -2, 1.5, 0.5, 2, 1.5, 0.5, 2.25, 1.5, 0.5, 2.25, 1.5, 0.25, 2, 1.5, 0, 4.25, 1.5, 0.25, 4.5, 1.5, 0, 4.25, 1.5, 0.5, 4.5, 1.5, 0.5, -1.5, 1, 0.75, -1.75, 1, 0.75, -1.75, 1, 1, 1.75, 1, 1, 1.75, 1, 0.75, 1.5, 1, 0.75, -4.5, 1, 1, -4.5, 1, 4.75, 4.75, 1, 4.75, 4.75, 1, 1, 9.5, 1.5, 2.5, 9.5, 1.5, 3, 10, 1.5, 3, 10, 1.5, 2.5)
polygons = [PackedInt32Array(2, 1, 0), PackedInt32Array(5, 4, 3), PackedInt32Array(9, 8, 6), PackedInt32Array(6, 8, 7), PackedInt32Array(10, 2, 11), PackedInt32Array(11, 2, 6), PackedInt32Array(5, 0, 12), PackedInt32Array(12, 0, 13), PackedInt32Array(15, 14, 3), PackedInt32Array(3, 14, 9), PackedInt32Array(5, 3, 0), PackedInt32Array(0, 3, 2), PackedInt32Array(2, 3, 9), PackedInt32Array(2, 9, 6), PackedInt32Array(17, 16, 18), PackedInt32Array(18, 16, 19), PackedInt32Array(18, 19, 20), PackedInt32Array(20, 19, 21), PackedInt32Array(22, 20, 23), PackedInt32Array(23, 20, 21), PackedInt32Array(25, 24, 26), PackedInt32Array(26, 24, 27), PackedInt32Array(26, 27, 28), PackedInt32Array(28, 27, 29), PackedInt32Array(30, 28, 31), PackedInt32Array(31, 28, 29), PackedInt32Array(34, 33, 32), PackedInt32Array(37, 36, 35), PackedInt32Array(37, 32, 13), PackedInt32Array(13, 32, 12), PackedInt32Array(39, 38, 34), PackedInt32Array(37, 35, 32), PackedInt32Array(32, 35, 34), PackedInt32Array(34, 35, 39), PackedInt32Array(39, 35, 40), PackedInt32Array(35, 41, 40), PackedInt32Array(45, 44, 42), PackedInt32Array(42, 44, 43)]
agent_radius = 0.25
agent_max_climb = 0.0
edge_max_error = 0.25

[sub_resource type="Resource" id="Resource_8s36o"]
resource_local_to_scene = true
resource_name = "MMIOctreeNode"
script = ExtResource("2_d8g33")
member_placeforms = [[Vector3(7.428732, 0.5029068, -7.120402), Vector3(0, 1, 0), Transform3D(-0.2398929, 0, 0.9707994, 0, 1, 0, -0.9707994, 0, -0.2398929, 7.428732, 0.5029068, -7.120402), 4], [Vector3(7.880399, 0.5029068, -3.388582), Vector3(0, 1, 0), Transform3D(0.91678244, 0, -0.39938694, 0, 1, 0, 0.39938694, 0, 0.91678244, 7.880399, 0.5029068, -3.388582), 4], [Vector3(7.352269, 0.5029068, -3.0551505), Vector3(0, 1, 0), Transform3D(-0.5832372, 0, -0.81230193, 0, 1, 0, 0.81230193, 0, -0.5832372, 7.352269, 0.5029068, -3.0551505), 4], [Vector3(6.9073586, 0.50290686, 0.14651215), Vector3(0, 1, 0), Transform3D(0.8040149, 0, -0.5946092, 0, 1, 0, 0.5946092, 0, 0.8040149, 6.9073586, 0.50290686, 0.14651215), 4], [Vector3(8.3536215, 0.50290686, 3.9601183), Vector3(0, 1, 0), Transform3D(-0.9951404, 0, 0.09846661, 0, 1, 0, -0.09846661, 0, -0.9951404, 8.3536215, 0.50290686, 3.9601183), 4], [Vector3(-2.2486174, 0.50290686, 7.9693813), Vector3(0, 1, 0), Transform3D(0.50541925, 0, -0.8628739, 0, 1, 0, 0.8628739, 0, 0.50541925, -2.2486174, 0.50290686, 7.9693813), 0], [Vector3(-5.6900496, 0.50290686, 8.800744), Vector3(0, 1, 0), Transform3D(0.99375945, 0, 0.11154436, 0, 1, 0, -0.11154436, 0, 0.99375945, -5.6900496, 0.50290686, 8.800744), 0], [Vector3(-7.105382, 0.5029067, 7.1219974), Vector3(0, 1, 0), Transform3D(-0.96562135, 0, -0.2599527, 0, 1, 0, 0.2599527, 0, -0.96562135, -7.105382, 0.5029067, 7.1219974), 0], [Vector3(-5.321544, 0.50290686, 6.5971794), Vector3(0, 1, 0), Transform3D(0.18323873, 0, -0.98306847, 0, 1, 0, 0.98306847, 0, 0.18323873, -5.321544, 0.50290686, 6.5971794), 0], [Vector3(-5.746347, 0.50290686, 3.1376946), Vector3(0, 1, 0), Transform3D(-0.98433554, 0, 0.17630515, 0, 1, 0, -0.17630515, 0, -0.98433554, -5.746347, 0.50290686, 3.1376946), 0], [Vector3(-5.333813, 0.50290686, 1.8029672), Vector3(0, 1, 0), Transform3D(0.9797416, 0, 0.20026615, 0, 1, 0, -0.20026615, 0, 0.9797416, -5.333813, 0.50290686, 1.8029672), 0], [Vector3(-6.5746965, 0.50290686, 3.060288), Vector3(0, 1, 0), Transform3D(-0.9565128, 0, 0.2916903, 0, 1, 0, -0.2916903, 0, -0.9565128, -6.5746965, 0.50290686, 3.060288), 0], [Vector3(-5.63777, 0.50290686, 1.8303742), Vector3(0, 1, 0), Transform3D(0.15523973, 0, 0.98787683, 0, 1, 0, -0.98787683, 0, 0.15523973, -5.63777, 0.50290686, 1.8303742), 0], [Vector3(-5.590967, 0.50290686, -0.15515763), Vector3(0, 1, 0), Transform3D(-0.7518751, 0, 0.6593056, 0, 1, 0, -0.6593056, 0, -0.7518751, -5.590967, 0.50290686, -0.15515763), 0], [Vector3(-5.612471, 0.50290686, -0.21017107), Vector3(0, 1, 0), Transform3D(-0.3329823, 0, 0.9429331, 0, 1, 0, -0.9429331, 0, -0.3329823, -5.612471, 0.50290686, -0.21017107), 0], [Vector3(-8.531413, 0.5029068, 0.6085577), Vector3(0, 1, 0), Transform3D(0.99786395, 0, 0.06532678, 0, 1, 0, -0.06532678, 0, 0.99786395, -8.531413, 0.5029068, 0.6085577), 0], [Vector3(-9.109271, 0.50290686, -2.7315874), Vector3(0, 1, 0), Transform3D(-0.8501165, 0, -0.5265947, 0, 1, 0, 0.5265947, 0, -0.8501165, -9.109271, 0.50290686, -2.7315874), 0], [Vector3(-7.004081, 0.50290686, -1.6691194), Vector3(0, 1, 0), Transform3D(-0.008446908, 0, 0.99996436, 0, 1, 0, -0.99996436, 0, -0.008446908, -7.004081, 0.50290686, -1.6691194), 0], [Vector3(-5.2796907, 0.50290686, -4.4238725), Vector3(0, 1, 0), Transform3D(0.9852356, 0, 0.17120448, 0, 1, 0, -0.17120448, 0, 0.9852356, -5.2796907, 0.50290686, -4.4238725), 0], [Vector3(-4.5141153, 0.50290686, -5.846446), Vector3(0, 1, 0), Transform3D(0.9509139, 0, 0.30945554, 0, 1, 0, -0.30945554, 0, 0.9509139, -4.5141153, 0.50290686, -5.846446), 0], [Vector3(-4.5046206, 0.50290686, -7.348329), Vector3(0, 1, 0), Transform3D(0.9909544, 0, -0.13419922, 0, 1, 0, 0.13419922, 0, 0.9909544, -4.5046206, 0.50290686, -7.348329), 0], [Vector3(-1.7679212, 0.50290686, -9.820993), Vector3(0, 1, 0), Transform3D(-0.4624567, 0, -0.88664186, 0, 1, 0, 0.88664186, 0, -0.4624567, -1.7679212, 0.50290686, -9.820993), 0], [Vector3(1.3261193, 0.50290686, -7.9927597), Vector3(0, 1, 0), Transform3D(0.8031687, 0, -0.59575164, 0, 1, 0, 0.59575164, 0, 0.8031687, 1.3261193, 0.50290686, -7.9927597), 4]]
max_members = 75
min_leaf_extent = 1.0
octant = -1
is_leaf = true
center_pos = Vector3(-1, 11, 17)
extent = 32.0
bounds = AABB(-33, -21, -15, 64, 64, 64)
max_bounds_to_center_dist = 55.42562584220407
min_bounds_to_center_dist = 32.0
active_LOD_index = 0
metadata/class = "MMIOctreeNode"

[sub_resource type="Resource" id="Resource_r7rng"]
resource_local_to_scene = true
resource_name = "MMIOctreeManager"
script = ExtResource("3_0xpgx")
root_octree_node = SubResource("Resource_8s36o")
metadata/class = "MMIOctreeManager"

[sub_resource type="Resource" id="Resource_dn6t5"]
resource_local_to_scene = true
resource_name = "MMIOctreeNode"
script = ExtResource("2_d8g33")
member_placeforms = [[Vector3(8.083913, 0.5029068, -7.3910894), Vector3(0, 1, 0), Transform3D(0.4517963, 0, -0.89212114, 0, 1, 0, 0.89212114, 0, 0.4517963, 8.083913, 0.5029068, -7.3910894), 6], [Vector3(7.3948455, 0.50290686, -3.45611), Vector3(0, 1, 0), Transform3D(0.84540856, 0, -0.5341202, 0, 1, 0, 0.5341202, 0, 0.84540856, 7.3948455, 0.50290686, -3.45611), 6], [Vector3(9.013026, 0.50290686, -2.8474097), Vector3(0, 1, 0), Transform3D(-0.5032402, 0, 0.8641466, 0, 1, 0, -0.8641466, 0, -0.5032402, 9.013026, 0.50290686, -2.8474097), 6], [Vector3(8.594966, 0.50290686, 0.64647233), Vector3(0, 1, 0), Transform3D(0.8046041, 0, 0.59381163, 0, 1, 0, -0.59381163, 0, 0.8046041, 8.594966, 0.50290686, 0.64647233), 6], [Vector3(9.24555, 0.50290686, 2.0612955), Vector3(0, 1, 0), Transform3D(0.19323823, 0, 0.9811519, 0, 1, 0, -0.9811519, 0, 0.19323823, 9.24555, 0.50290686, 2.0612955), 7], [Vector3(8.860439, 0.50290686, 1.2930051), Vector3(0, 1, 0), Transform3D(0.91844964, 0, -0.39553803, 0, 1, 0, 0.39553803, 0, 0.91844964, 8.860439, 0.50290686, 1.2930051), 7], [Vector3(5.358238, 0.50290686, 7.845212), Vector3(0, 1, 0), Transform3D(0.25564387, 0, -0.96677107, 0, 1, 0, 0.96677107, 0, 0.25564387, 5.358238, 0.50290686, 7.845212), 7], [Vector3(-2.5953488, 0.5029068, 6.89814), Vector3(0, 1, 0), Transform3D(-0.25122747, 0, 0.9679281, 0, 1, 0, -0.9679281, 0, -0.25122747, -2.5953488, 0.5029068, 6.89814), 3], [Vector3(-5.890542, 0.50290686, 8.811739), Vector3(0, 1, 0), Transform3D(0.28772122, 0, -0.95771426, 0, 1, 0, 0.95771426, 0, 0.28772122, -5.890542, 0.50290686, 8.811739), 3], [Vector3(-7.6110606, 0.50290686, 5.6051345), Vector3(0, 1, 0), Transform3D(0.99953455, 0, -0.030507749, 0, 1, 0, 0.030507749, 0, 0.99953455, -7.6110606, 0.50290686, 5.6051345), 3], [Vector3(-6.5379267, 0.5029068, 4.147079), Vector3(0, 1, 0), Transform3D(-0.86986375, 0, -0.4932921, 0, 1, 0, 0.4932921, 0, -0.86986375, -6.5379267, 0.5029068, 4.147079), 3], [Vector3(-5.4318037, 0.50290686, 3.1130512), Vector3(0, 1, 0), Transform3D(-0.5973507, 0, -0.8019802, 0, 1, 0, 0.8019802, 0, -0.5973507, -5.4318037, 0.50290686, 3.1130512), 3], [Vector3(-8.266623, 0.50290686, 3.5207047), Vector3(0, 1, 0), Transform3D(0.4202415, 0, -0.9074123, 0, 1, 0, 0.9074123, 0, 0.4202415, -8.266623, 0.50290686, 3.5207047), 3], [Vector3(-5.7616396, 0.50290686, 2.7324867), Vector3(0, 1, 0), Transform3D(-0.9994237, 0, -0.03394591, 0, 1, 0, 0.03394591, 0, -0.9994237, -5.7616396, 0.50290686, 2.7324867), 3], [Vector3(-6.0268745, 0.50290686, 2.720633), Vector3(0, 1, 0), Transform3D(-0.9999581, 0, -0.0091561945, 0, 1, 0, 0.0091561945, 0, -0.9999581, -6.0268745, 0.50290686, 2.720633), 3], [Vector3(-8.6207695, 0.50290686, 2.4861107), Vector3(0, 1, 0), Transform3D(0.6837564, 0, -0.72971034, 0, 1, 0, 0.72971034, 0, 0.6837564, -8.6207695, 0.50290686, 2.4861107), 3], [Vector3(-6.156234, 0.50290686, -0.9409282), Vector3(0, 1, 0), Transform3D(-0.83301896, 0, -0.5532445, 0, 1, 0, 0.5532445, 0, -0.83301896, -6.156234, 0.50290686, -0.9409282), 2], [Vector3(-8.537047, 0.50290686, -4.140451), Vector3(0, 1, 0), Transform3D(-0.9061359, 0, 0.4229867, 0, 1, 0, -0.4229867, 0, -0.9061359, -8.537047, 0.50290686, -4.140451), 2], [Vector3(-6.584697, 0.50290686, -3.0104284), Vector3(0, 1, 0), Transform3D(-0.8199528, 0, -0.57243127, 0, 1, 0, 0.57243127, 0, -0.8199528, -6.584697, 0.50290686, -3.0104284), 2], [Vector3(-8.214412, 0.50290686, -6.3331714), Vector3(0, 1, 0), Transform3D(-0.95732886, 0, 0.2890009, 0, 1, 0, -0.2890009, 0, -0.95732886, -8.214412, 0.50290686, -6.3331714), 2], [Vector3(-5.494861, 0.50290686, -4.9816713), Vector3(0, 1, 0), Transform3D(-0.99050635, 0, -0.13746732, 0, 1, 0, 0.13746731, 0, -0.99050635, -5.494861, 0.50290686, -4.9816713), 2], [Vector3(-7.5879, 0.50290686, -8.32314), Vector3(0, 1, 0), Transform3D(-0.62071425, 0, -0.7840369, 0, 1, 0, 0.7840369, 0, -0.62071425, -7.5879, 0.50290686, -8.32314), 2], [Vector3(-7.770624, 0.50290686, -7.9001813), Vector3(0, 1, 0), Transform3D(-0.46711072, 0, 0.88419884, 0, 1, 0, -0.88419884, 0, -0.46711072, -7.770624, 0.50290686, -7.9001813), 2], [Vector3(-6.3886695, 0.50290686, -9.189358), Vector3(0, 1, 0), Transform3D(0.97350013, 0, -0.22868635, 0, 1, 0, 0.22868635, 0, 0.97350013, -6.3886695, 0.50290686, -9.189358), 2], [Vector3(-3.5725, 0.50290686, -8.324999), Vector3(0, 1, 0), Transform3D(-0.93931204, 0, 0.3430641, 0, 1, 0, -0.3430641, 0, -0.939312, -3.5725, 0.50290686, -8.324999), 2], [Vector3(-2.1576035, 0.5029069, -8.595562), Vector3(0, 1, 0), Transform3D(0.35274404, 0, 0.93571985, 0, 1, 0, -0.93571985, 0, 0.35274404, -2.1576035, 0.5029069, -8.595562), 2], [Vector3(3.3566766, 0.50290686, -9.838521), Vector3(0, 1, 0), Transform3D(0.8256879, 0, 0.56412727, 0, 1, 0, -0.56412727, 0, 0.8256879, 3.3566766, 0.50290686, -9.838521), 6]]
max_members = 75
min_leaf_extent = 1.0
octant = -1
is_leaf = true
center_pos = Vector3(-1, -5, 1)
extent = 16.0
bounds = AABB(-17, -21, -15, 32, 32, 32)
max_bounds_to_center_dist = 27.712812921102035
min_bounds_to_center_dist = 16.0
active_LOD_index = 0
metadata/class = "MMIOctreeNode"

[sub_resource type="Resource" id="Resource_lbiee"]
resource_local_to_scene = true
resource_name = "MMIOctreeManager"
script = ExtResource("3_0xpgx")
root_octree_node = SubResource("Resource_dn6t5")
metadata/class = "MMIOctreeManager"

[sub_resource type="Resource" id="Resource_jriwk"]
resource_local_to_scene = true
resource_name = "MMIOctreeNode"
script = ExtResource("2_d8g33")
member_placeforms = [[Vector3(6.7425876, 0.5029068, -5.588127), Vector3(0, 1, 0), Transform3D(0.22739011, 0, -0.97380376, 0, 1, 0, 0.97380376, 0, 0.22739011, 6.7425876, 0.5029068, -5.588127), 1], [Vector3(6.234579, 0.50290686, -4.989982), Vector3(0, 1, 0), Transform3D(-0.92259943, 0, -0.38575932, 0, 1, 0, 0.38575932, 0, -0.92259943, 6.234579, 0.50290686, -4.989982), 1], [Vector3(9.472482, 0.50290686, -4.767507), Vector3(0, 1, 0), Transform3D(-0.98426735, 0, 0.17668556, 0, 1, 0, -0.17668556, 0, -0.98426735, 9.472482, 0.50290686, -4.767507), 1], [Vector3(6.3973026, 0.50290686, -1.9120035), Vector3(0, 1, 0), Transform3D(-0.53154504, 0, -0.84703004, 0, 1, 0, 0.84703004, 0, -0.53154504, 6.3973026, 0.50290686, -1.9120035), 1], [Vector3(9.064156, 0.5029069, -1.0866072), Vector3(0, 1, 0), Transform3D(-0.98010844, 0, 0.19846272, 0, 1, 0, -0.19846272, 0, -0.98010844, 9.064156, 0.5029069, -1.0866072), 1], [Vector3(9.128157, 0.50290686, 1.565464), Vector3(0, 1, 0), Transform3D(-0.06474179, 0, 0.99790204, 0, 1, 0, -0.99790204, 0, -0.06474179, 9.128157, 0.50290686, 1.565464), 1], [Vector3(8.657161, 0.50290686, 3.8176098), Vector3(0, 1, 0), Transform3D(-0.1330676, 0, -0.991107, 0, 1, 0, 0.991107, 0, -0.1330676, 8.657161, 0.50290686, 3.8176098), 1], [Vector3(6.925822, 0.5029068, 5.5881925), Vector3(0, 1, 0), Transform3D(-0.8662693, 0, 0.49957743, 0, 1, 0, -0.49957743, 0, -0.8662693, 6.925822, 0.5029068, 5.5881925), 1], [Vector3(7.0240283, 0.50290686, 7.6151414), Vector3(0, 1, 0), Transform3D(0.9100259, 0, -0.41455147, 0, 1, 0, 0.41455147, 0, 0.9100259, 7.0240283, 0.50290686, 7.6151414), 1], [Vector3(3.8466315, 0.50290686, 8.034563), Vector3(0, 1, 0), Transform3D(-0.96996975, 0, -0.24322577, 0, 1, 0, 0.24322577, 0, -0.96996975, 3.8466315, 0.50290686, 8.034563), 1], [Vector3(0.18669045, 0.50290686, 9.075449), Vector3(0, 1, 0), Transform3D(-0.931107, 0, -0.36474627, 0, 1, 0, 0.36474627, 0, -0.931107, 0.18669045, 0.50290686, 9.075449), 1], [Vector3(-0.63299197, 0.5029068, 8.384955), Vector3(0, 1, 0), Transform3D(-0.5326991, 0, 0.8463048, 0, 1, 0, -0.8463048, 0, -0.5326991, -0.63299197, 0.5029068, 8.384955), 1], [Vector3(-0.8808918, 0.50290686, 8.556927), Vector3(0, 1, 0), Transform3D(-0.1327038, 0, 0.99115574, 0, 1, 0, -0.99115574, 0, -0.1327038, -0.8808918, 0.50290686, 8.556927), 1], [Vector3(-4.5069966, 0.50290686, 8.36672), Vector3(0, 1, 0), Transform3D(0.2647632, 0, -0.9643135, 0, 1, 0, 0.9643135, 0, 0.2647632, -4.5069966, 0.50290686, 8.36672), 1], [Vector3(-4.4280457, 0.50290686, 8.285824), Vector3(0, 1, 0), Transform3D(0.9721135, 0, -0.23451096, 0, 1, 0, 0.23451096, 0, 0.9721135, -4.4280457, 0.50290686, 8.285824), 1], [Vector3(-4.561433, 0.50290686, 8.167541), Vector3(0, 1, 0), Transform3D(0.05751943, 0, -0.9983444, 0, 1, 0, 0.9983444, 0, 0.057519432, -4.561433, 0.50290686, 8.167541), 1], [Vector3(-7.9653597, 0.50290686, 7.33274), Vector3(0, 1, 0), Transform3D(-0.7739287, 0, 0.6332727, 0, 1, 0, -0.6332727, 0, -0.7739287, -7.9653597, 0.50290686, 7.33274), 1], [Vector3(-7.391905, 0.50290686, 7.573955), Vector3(0, 1, 0), Transform3D(0.6440696, 0, -0.7649669, 0, 1, 0, 0.7649669, 0, 0.6440696, -7.391905, 0.50290686, 7.573955), 1], [Vector3(-8.597644, 0.50290686, 5.3006573), Vector3(0, 1, 0), Transform3D(-0.9131015, 0, 0.4077323, 0, 1, 0, -0.4077323, 0, -0.9131015, -8.597644, 0.50290686, 5.3006573), 1], [Vector3(-7.094536, 0.50290686, 6.13927), Vector3(0, 1, 0), Transform3D(-0.96006113, 0, 0.27979022, 0, 1, 0, -0.27979022, 0, -0.96006113, -7.094536, 0.50290686, 6.13927), 1], [Vector3(-8.134384, 0.5029068, 4.953684), Vector3(0, 1, 0), Transform3D(0.15751652, 0, -0.98751634, 0, 1, 0, 0.98751634, 0, 0.15751652, -8.134384, 0.5029068, 4.953684), 1], [Vector3(-8.756899, 0.50290686, 4.234155), Vector3(0, 1, 0), Transform3D(-0.98544675, 0, -0.16998473, 0, 1, 0, 0.16998473, 0, -0.98544675, -8.756899, 0.50290686, 4.234155), 1], [Vector3(-5.8619394, 0.50290686, 0.35794497), Vector3(0, 1, 0), Transform3D(-0.9395783, 0, 0.3423342, 0, 1, 0, -0.3423342, 0, -0.9395783, -5.8619394, 0.50290686, 0.35794497), 1], [Vector3(-9.475304, 0.50290686, -1.6444092), Vector3(0, 1, 0), Transform3D(-0.36235574, 0, -0.9320399, 0, 1, 0, 0.9320399, 0, -0.36235574, -9.475304, 0.50290686, -1.6444092), 1], [Vector3(-6.772075, 0.5029068, -2.1600056), Vector3(0, 1, 0), Transform3D(0.7181542, 0, -0.69588405, 0, 1, 0, 0.69588405, 0, 0.7181542, -6.772075, 0.5029068, -2.1600056), 1], [Vector3(-5.4499307, 0.50290686, -2.9865813), Vector3(0, 1, 0), Transform3D(-0.996982, 0, 0.0776337, 0, 1, 0, -0.0776337, 0, -0.996982, -5.4499307, 0.50290686, -2.9865813), 1], [Vector3(-5.2714, 0.50290686, -5.3769293), Vector3(0, 1, 0), Transform3D(-0.6484865, 0, -0.76122624, 0, 1, 0, 0.76122624, 0, -0.6484865, -5.2714, 0.50290686, -5.3769293), 1], [Vector3(-4.5108857, 0.5029068, -8.534959), Vector3(0, 1, 0), Transform3D(-0.99972606, 0, 0.023405487, 0, 1, 0, -0.023405487, 0, -0.99972606, -4.5108857, 0.5029068, -8.534959), 0], [Vector3(-0.93562126, 0.50290686, -6.7949314), Vector3(0, 1, 0), Transform3D(0.24684712, 0, 0.96905446, 0, 1, 0, -0.96905446, 0, 0.24684712, -0.93562126, 0.50290686, -6.7949314), 1], [Vector3(0.49698806, 0.50290686, -9.311595), Vector3(0, 1, 0), Transform3D(-0.704682, 0, -0.7095233, 0, 1, 0, 0.7095233, 0, -0.704682, 0.49698806, 0.50290686, -9.311595), 0], [Vector3(3.5416093, 0.5029068, -7.8496156), Vector3(0, 1, 0), Transform3D(-0.75480074, 0, 0.6559542, 0, 1, 0, -0.6559542, 0, -0.75480074, 3.5416093, 0.5029068, -7.8496156), 1]]
max_members = 75
min_leaf_extent = 1.0
octant = -1
is_leaf = true
center_pos = Vector3(11.365826, 10.456686, -8.251268)
extent = 39.815117
bounds = AABB(-28.449291, -29.35843, -48.066383, 79.63023, 79.63023, 79.63023)
max_bounds_to_center_dist = 68.96180555329933
min_bounds_to_center_dist = 39.815117
active_LOD_index = 0
metadata/class = "MMIOctreeNode"

[sub_resource type="Resource" id="Resource_jceju"]
resource_local_to_scene = true
resource_name = "MMIOctreeManager"
script = ExtResource("3_0xpgx")
root_octree_node = SubResource("Resource_jriwk")
metadata/class = "MMIOctreeManager"

[sub_resource type="Resource" id="Resource_n4l1e"]
resource_local_to_scene = true
resource_name = "MMIOctreeNode"
script = ExtResource("2_d8g33")
max_members = 75
min_leaf_extent = 1.0
octant = -1
is_leaf = true
center_pos = Vector3(-17, 11, 7)
extent = 32.0
bounds = AABB(-49, -21, -25, 64, 64, 64)
max_bounds_to_center_dist = 55.42562584220407
min_bounds_to_center_dist = 32.0
active_LOD_index = 0
metadata/class = "MMIOctreeNode"

[sub_resource type="Resource" id="Resource_phy1d"]
resource_local_to_scene = true
resource_name = "MMIOctreeManager"
script = ExtResource("3_0xpgx")
root_octree_node = SubResource("Resource_n4l1e")
metadata/class = "MMIOctreeManager"

[sub_resource type="Resource" id="Resource_rqw7c"]
resource_local_to_scene = true
resource_name = "MMIOctreeNode"
script = ExtResource("2_d8g33")
member_placeforms = [[Vector3(-3.7941175, 0.50290686, -8.770328), Vector3(0, 1, 0), Transform3D(-0.12198693, 0, 0.9925317, 0, 1, 0, -0.9925317, 0, -0.12198693, -3.7941175, 0.50290686, -8.770328), 4], [Vector3(6.468935, 0.50290686, -4.2141414), Vector3(0, 1, 0), Transform3D(-0.13710696, 0, 0.9905563, 0, 1, 0, -0.9905563, 0, -0.13710696, 6.468935, 0.50290686, -4.2141414), 5], [Vector3(6.4037886, 0.50290686, -3.9122906), Vector3(0, 1, 0), Transform3D(-0.22569111, 0, -0.97419894, 0, 1, 0, 0.97419894, 0, -0.22569111, 6.4037886, 0.50290686, -3.9122906), 5], [Vector3(-4.041452, 0.5029068, 6.560816), Vector3(0, 1, 0), Transform3D(0.19593978, 0, -0.9806159, 0, 1, 0, 0.9806159, 0, 0.19593978, -4.041452, 0.5029068, 6.560816), 5], [Vector3(-7.201608, 0.50290686, 6.12638), Vector3(0, 1, 0), Transform3D(-0.31480488, 0, -0.9491564, 0, 1, 0, 0.9491564, 0, -0.31480488, -7.201608, 0.50290686, 6.12638), 5], [Vector3(-4.5322604, 0.50290686, 5.9612136), Vector3(0, 1, 0), Transform3D(-0.92759216, 0, -0.37359443, 0, 1, 0, 0.37359443, 0, -0.92759216, -4.5322604, 0.50290686, 5.9612136), 5], [Vector3(-7.206436, 0.50290686, 5.826763), Vector3(0, 1, 0), Transform3D(0.008164955, 0, 0.9999667, 0, 1, 0, -0.9999667, 0, 0.008164955, -7.206436, 0.50290686, 5.826763), 5], [Vector3(-7.9038677, 0.50290686, 4.751973), Vector3(0, 1, 0), Transform3D(0.7445181, 0, 0.6676023, 0, 1, 0, -0.6676023, 0, 0.7445181, -7.9038677, 0.50290686, 4.751973), 5], [Vector3(-6.1738834, 0.50290686, 5.740156), Vector3(0, 1, 0), Transform3D(-0.12354315, 0, 0.9923392, 0, 1, 0, -0.9923392, 0, -0.12354315, -6.1738834, 0.50290686, 5.740156), 5], [Vector3(-7.0314612, 0.50290686, 5.188575), Vector3(0, 1, 0), Transform3D(-0.7845543, 0, 0.62006015, 0, 1, 0, -0.62006015, 0, -0.7845543, -7.0314612, 0.50290686, 5.188575), 5], [Vector3(-5.6939025, 0.50290686, 1.8389536), Vector3(0, 1, 0), Transform3D(-0.6648835, 0, 0.7469471, 0, 1, 0, -0.7469471, 0, -0.6648835, -5.6939025, 0.50290686, 1.8389536), 5], [Vector3(-8.431276, 0.50290686, -1.3908205), Vector3(0, 1, 0), Transform3D(0.9999365, 0, 0.011269243, 0, 1, 0, -0.011269243, 0, 0.9999365, -8.431276, 0.50290686, -1.3908205), 5], [Vector3(-2.5514975, 0.50290686, -9.471563), Vector3(0, 1, 0), Transform3D(0.96335286, 0, -0.2682375, 0, 1, 0, 0.26823747, 0, 0.96335286, -2.5514975, 0.50290686, -9.471563), 4], [Vector3(-1.4219542, 0.5029068, -9.193586), Vector3(0, 1, 0), Transform3D(0.89297783, 0, 0.4501007, 0, 1, 0, -0.4501007, 0, 0.89297783, -1.4219542, 0.5029068, -9.193586), 4], [Vector3(1.2673508, 0.5029068, -8.631131), Vector3(0, 1, 0), Transform3D(0.39520165, 0, 0.9185944, 0, 1, 0, -0.9185944, 0, 0.39520165, 1.2673508, 0.5029068, -8.631131), 4], [Vector3(4.6573625, 0.50290686, -6.155464), Vector3(0, 1, 0), Transform3D(0.13531655, 0, -0.99080247, 0, 1, 0, 0.99080247, 0, 0.13531655, 4.6573625, 0.50290686, -6.155464), 5], [Vector3(6.900855, 0.5029068, -6.4130373), Vector3(0, 1, 0), Transform3D(0.23226878, 0, 0.97265166, 0, 1, 0, -0.97265166, 0, 0.23226878, 6.900855, 0.5029068, -6.4130373), 5], [Vector3(1.9481055, 0.50290686, -5.87599), Vector3(0, 1, 0), Transform3D(0.22236057, 0, -0.9749645, 0, 1, 0, 0.9749645, 0, 0.22236057, 1.9481055, 0.50290686, -5.87599), 5], [Vector3(4.1059804, 0.50290686, -5.6156697), Vector3(0, 1, 0), Transform3D(-0.9443452, 0, -0.32895616, 0, 1, 0, 0.32895616, 0, -0.9443452, 4.1059804, 0.50290686, -5.6156697), 5], [Vector3(7.1412964, 0.50290686, -6.700506), Vector3(0, 1, 0), Transform3D(0.1291935, 0, 0.9916194, 0, 1, 0, -0.9916194, 0, 0.1291935, 7.1412964, 0.50290686, -6.700506), 5], [Vector3(9.872134, 0.50290686, -5.1020255), Vector3(0, 1, 0), Transform3D(-0.9838709, 0, 0.17887986, 0, 1, 0, -0.17887986, 0, -0.9838709, 9.872134, 0.50290686, -5.1020255), 5], [Vector3(4.1743217, 0.50290686, -8.133097), Vector3(0, 1, 0), Transform3D(0.9527404, 0, -0.30378583, 0, 1, 0, 0.30378583, 0, 0.9527404, 4.1743217, 0.50290686, -8.133097), 4], [Vector3(1.3388048, 0.50290686, -6.6323056), Vector3(0, 1, 0), Transform3D(-0.13277918, 0, -0.9911457, 0, 1, 0, 0.9911457, 0, -0.13277918, 1.3388048, 0.50290686, -6.6323056), 5], [Vector3(-5.8460164, 0.50290686, -9.181029), Vector3(0, 1, 0), Transform3D(0.38718444, 0, -0.92200226, 0, 1, 0, 0.92200226, 0, 0.38718444, -5.8460164, 0.50290686, -9.181029), 4], [Vector3(-7.9337783, 0.50290686, -6.688835), Vector3(0, 1, 0), Transform3D(0.8837848, 0, 0.46789366, 0, 1, 0, -0.46789366, 0, 0.8837848, -7.9337783, 0.50290686, -6.688835), 5], [Vector3(-8.645137, 0.50290686, -9.14157), Vector3(0, 1, 0), Transform3D(-0.5307246, 0, 0.8475444, 0, 1, 0, -0.8475444, 0, -0.5307246, -8.645137, 0.50290686, -9.14157), 4], [Vector3(-9.280208, 0.50290686, -3.884086), Vector3(0, 1, 0), Transform3D(0.07895592, 0, -0.9968781, 0, 1, 0, 0.9968781, 0, 0.07895592, -9.280208, 0.50290686, -3.884086), 5], [Vector3(-8.392081, 0.50290686, 1.5601747), Vector3(0, 1, 0), Transform3D(-0.7144742, 0, 0.6996618, 0, 1, 0, -0.6996618, 0, -0.7144742, -8.392081, 0.50290686, 1.5601747), 5]]
max_members = 75
min_leaf_extent = 1.0
octant = -1
is_leaf = true
center_pos = Vector3(-17, 11, -7)
extent = 32.0
bounds = AABB(-49, -21, -39, 64, 64, 64)
max_bounds_to_center_dist = 55.42562584220407
min_bounds_to_center_dist = 32.0
active_LOD_index = 0
metadata/class = "MMIOctreeNode"

[sub_resource type="Resource" id="Resource_7gx8r"]
resource_local_to_scene = true
resource_name = "MMIOctreeManager"
script = ExtResource("3_0xpgx")
root_octree_node = SubResource("Resource_rqw7c")
metadata/class = "MMIOctreeManager"

[sub_resource type="Resource" id="Resource_4pmft"]
resource_local_to_scene = true
resource_name = "MMIOctreeNode"
script = ExtResource("2_d8g33")
member_placeforms = [[Vector3(-5.486988, 0.50290686, -7.7062716), Vector3(0, 1, 0), Transform3D(-0.9999998, 0, 0.0006585706, 0, 1, 0, -0.0006585706, 0, -0.9999998, -5.486988, 0.50290686, -7.7062716), 4], [Vector3(-4.45335, 0.50290686, 6.9092364), Vector3(0, 1, 0), Transform3D(0.3414473, 0, -0.93990093, 0, 1, 0, 0.93990093, 0, 0.3414473, -4.45335, 0.50290686, 6.9092364), 5], [Vector3(-6.5350895, 0.50290686, 6.7958264), Vector3(0, 1, 0), Transform3D(-0.38317624, 0, 0.92367524, 0, 1, 0, -0.92367524, 0, -0.38317624, -6.5350895, 0.50290686, 6.7958264), 5], [Vector3(-7.1406, 0.50290686, 3.7188926), Vector3(0, 1, 0), Transform3D(-0.2774131, 0, -0.96075076, 0, 1, 0, 0.96075076, 0, -0.2774131, -7.1406, 0.50290686, 3.7188926), 5], [Vector3(-7.980603, 0.50290686, 3.0715165), Vector3(0, 1, 0), Transform3D(-0.6510159, 0, -0.75906414, 0, 1, 0, 0.75906414, 0, -0.6510159, -7.980603, 0.50290686, 3.0715165), 5], [Vector3(-7.30815, 0.50290686, -0.6005062), Vector3(0, 1, 0), Transform3D(0.5259624, 0, 0.8505078, 0, 1, 0, -0.8505078, 0, 0.5259624, -7.30815, 0.50290686, -0.6005062), 5], [Vector3(-7.4996853, 0.5029068, -3.9145436), Vector3(0, 1, 0), Transform3D(-0.6184767, 0, -0.78580314, 0, 1, 0, 0.78580314, 0, -0.6184767, -7.4996853, 0.5029068, -3.9145436), 5], [Vector3(-8.161161, 0.50290686, -5.4049926), Vector3(0, 1, 0), Transform3D(-0.2968968, 0, 0.95490956, 0, 1, 0, -0.95490956, 0, -0.2968968, -8.161161, 0.50290686, -5.4049926), 5], [Vector3(-4.275766, 0.50290686, -5.429199), Vector3(0, 1, 0), Transform3D(0.8760803, 0, 0.4821653, 0, 1, 0, -0.4821653, 0, 0.8760803, -4.275766, 0.50290686, -5.429199), 5], [Vector3(-2.5166755, 0.50290686, -9.140382), Vector3(0, 1, 0), Transform3D(0.6520207, 0, 0.7582012, 0, 1, 0, -0.7582012, 0, 0.6520207, -2.5166755, 0.50290686, -9.140382), 4], [Vector3(0.5907984, 0.50290686, -8.854418), Vector3(0, 1, 0), Transform3D(-0.7823713, 0, -0.62281233, 0, 1, 0, 0.62281233, 0, -0.7823713, 0.5907984, 0.50290686, -8.854418), 4], [Vector3(3.7869003, 0.50290686, -8.011768), Vector3(0, 1, 0), Transform3D(0.88303554, 0, 0.4693061, 0, 1, 0, -0.4693061, 0, 0.88303554, 3.7869003, 0.50290686, -8.011768), 4], [Vector3(4.3146772, 0.50290686, -8.598245), Vector3(0, 1, 0), Transform3D(-0.6103824, 0, 0.7921069, 0, 1, 0, -0.7921069, 0, -0.6103824, 4.3146772, 0.50290686, -8.598245), 4], [Vector3(6.6485724, 0.50290686, -9.078219), Vector3(0, 1, 0), Transform3D(-0.44198042, 0, -0.8970247, 0, 1, 0, 0.8970247, 0, -0.44198042, 6.6485724, 0.50290686, -9.078219), 4], [Vector3(8.653903, 0.50290686, -5.710909), Vector3(0, 1, 0), Transform3D(-0.37547645, 0, -0.92683196, 0, 1, 0, 0.92683196, 0, -0.37547645, 8.653903, 0.50290686, -5.710909), 5]]
max_members = 75
min_leaf_extent = 1.0
octant = -1
is_leaf = true
center_pos = Vector3(-17, 11, -7)
extent = 32.0
bounds = AABB(-49, -21, -39, 64, 64, 64)
max_bounds_to_center_dist = 55.42562584220407
min_bounds_to_center_dist = 32.0
active_LOD_index = 0
metadata/class = "MMIOctreeNode"

[sub_resource type="Resource" id="Resource_6m630"]
resource_local_to_scene = true
resource_name = "MMIOctreeManager"
script = ExtResource("3_0xpgx")
root_octree_node = SubResource("Resource_4pmft")
metadata/class = "MMIOctreeManager"

[sub_resource type="Resource" id="Resource_ra1ev"]
resource_local_to_scene = true
resource_name = "MMIOctreeNode"
script = ExtResource("2_d8g33")
max_members = 75
min_leaf_extent = 1.0
octant = -1
is_leaf = true
center_pos = Vector3(-17, 11, -7)
extent = 32.0
bounds = AABB(-49, -21, -39, 64, 64, 64)
max_bounds_to_center_dist = 55.42562584220407
min_bounds_to_center_dist = 32.0
active_LOD_index = 0
metadata/class = "MMIOctreeNode"

[sub_resource type="Resource" id="Resource_0ef6h"]
resource_local_to_scene = true
resource_name = "MMIOctreeManager"
script = ExtResource("3_0xpgx")
root_octree_node = SubResource("Resource_ra1ev")
metadata/class = "MMIOctreeManager"

[sub_resource type="Resource" id="Resource_afvac"]
resource_local_to_scene = true
script = ExtResource("4_g37r8")
octree_managers = [SubResource("Resource_r7rng"), SubResource("Resource_lbiee"), SubResource("Resource_jceju"), SubResource("Resource_phy1d"), SubResource("Resource_7gx8r"), SubResource("Resource_6m630"), SubResource("Resource_0ef6h")]
metadata/class = "Arborist"

[node name="Level" unique_id=1516598065 instance=ExtResource("1_m07xh")]

[node name="NavigationRegion3D" parent="." index="0" unique_id=1242441538]
navigation_mesh = SubResource("NavigationMesh_g37r8")

[node name="ObstacleGridMap" type="GridMap" parent="NavigationRegion3D" index="1" unique_id=945267740]
transform = Transform3D(1, 0, 0, 0, 1, 0, 0, 0, 1, 0, 0.5, 0)
mesh_library = ExtResource("2_0xpgx")
cell_size = Vector3(0.5, 0.5, 0.5)
data = {
"cells": PackedInt32Array(19, 5, 4, 65527, 0, 1441796, 65528, 0, 1441796, 65529, 0, 1441796, 65530, 0, 1441796, 65531, 0, 1441796, 4, 0, 1441796, 5, 0, 1441796, 6, 0, 1441796, 7, 0, 1441796, 8, 0, 1441796)
}
metadata/_editor_floor_ = Vector3(0, 0, 0)

[node name="Gardener" parent="." index="7" unique_id=1386894013]
arborist = SubResource("Resource_afvac")

[node name="BriarKnight" parent="Enemies" parent_id_path=PackedInt32Array(727241348) index="0" unique_id=1898691 instance=ExtResource("6_dn6t5")]
transform = Transform3D(1, 0, 0, 0, 1, 0, 0, 0, 1, 3.5, 0.5, -2)

[node name="BriarKnight2" parent="Enemies" parent_id_path=PackedInt32Array(727241348) index="1" unique_id=1996461598 instance=ExtResource("6_dn6t5")]
transform = Transform3D(1, 0, 0, 0, 1, 0, 0, 0, 1, 3.5, 0.5, 3.5)

[node name="BeeEnemy" parent="Enemies" parent_id_path=PackedInt32Array(727241348) index="2" unique_id=1793570119 instance=ExtResource("7_lbiee")]
transform = Transform3D(1, 0, 0, 0, 1, 0, 0, 0, 1, -2.5, 0.5, -3)

[node name="BeeEnemy2" parent="Enemies" parent_id_path=PackedInt32Array(727241348) index="3" unique_id=144479307 instance=ExtResource("7_lbiee")]
transform = Transform3D(1, 0, 0, 0, 1, 0, 0, 0, 1, -2.5, 0.5, 3)

[node name="Dandelion" parent="Enemies" parent_id_path=PackedInt32Array(727241348) index="4" unique_id=1880831629 instance=ExtResource("8_jriwk")]
transform = Transform3D(1, 0, 0, 0, 1, 0, 0, 0, 1, 0, 1, -3)

[node name="Dandelion2" parent="Enemies" parent_id_path=PackedInt32Array(727241348) index="5" unique_id=1552442626 instance=ExtResource("8_jriwk")]
transform = Transform3D(1, 0, 0, 0, 1, 0, 0, 0, 1, 1.5, 1, -3)

[node name="Dandelion3" parent="Enemies" parent_id_path=PackedInt32Array(727241348) index="6" unique_id=1100550805 instance=ExtResource("8_jriwk")]
transform = Transform3D(1, 0, 0, 0, 1, 0, 0, 0, 1, 3.5, 1, 1)

[node name="Dandelion4" parent="Enemies" parent_id_path=PackedInt32Array(727241348) index="7" unique_id=1172847980 instance=ExtResource("8_jriwk")]
transform = Transform3D(1, 0, 0, 0, 1, 0, 0, 0, 1, -4, 1, 1)

[node name="Obstacles" type="Node3D" parent="." index="10" unique_id=228202031]
transform = Transform3D(1, 0, 0, 0, 1, 0, 0, 0, 1, 0.25, 0.5, 0.75)

[node name="TallGrass" parent="Obstacles" index="0" unique_id=1616110423 instance=ExtResource("9_jceju")]
transform = Transform3D(1, 0, 0, 0, 1, 0, 0, 0, 1, 0, 0, 2)

[node name="TallGrass2" parent="Obstacles" index="1" unique_id=1105585566 instance=ExtResource("9_jceju")]
transform = Transform3D(1, 0, 0, 0, 1, 0, 0, 0, 1, 0.5, 0, 2)

[node name="TallGrass3" parent="Obstacles" index="2" unique_id=253945785 instance=ExtResource("9_jceju")]
transform = Transform3D(1, 0, 0, 0, 1, 0, 0, 0, 1, 1, 0, 2)

[node name="TallGrass4" parent="Obstacles" index="3" unique_id=559464670 instance=ExtResource("9_jceju")]
transform = Transform3D(1, 0, 0, 0, 1, 0, 0, 0, 1, 1.5, 0, 2)

[node name="TallGrass5" parent="Obstacles" index="4" unique_id=1089565000 instance=ExtResource("9_jceju")]
transform = Transform3D(1, 0, 0, 0, 1, 0, 0, 0, 1, 2, 0, 2)

[node name="TallGrass6" parent="Obstacles" index="5" unique_id=19241241 instance=ExtResource("9_jceju")]
transform = Transform3D(1, 0, 0, 0, 1, 0, 0, 0, 1, 2, 0, 2.5)

[node name="TallGrass7" parent="Obstacles" index="6" unique_id=853910912 instance=ExtResource("9_jceju")]
transform = Transform3D(1, 0, 0, 0, 1, 0, 0, 0, 1, 2, 0, 3)

[node name="TallGrass8" parent="Obstacles" index="7" unique_id=897340916 instance=ExtResource("9_jceju")]
transform = Transform3D(1, 0, 0, 0, 1, 0, 0, 0, 1, 2, 0, 3.5)

[node name="TallGrass9" parent="Obstacles" index="8" unique_id=1141310199 instance=ExtResource("9_jceju")]
transform = Transform3D(1, 0, 0, 0, 1, 0, 0, 0, 1, 1.5, 0, 3.5)

[node name="TallGrass10" parent="Obstacles" index="9" unique_id=950125373 instance=ExtResource("9_jceju")]
transform = Transform3D(1, 0, 0, 0, 1, 0, 0, 0, 1, 0.5, 0, 3.5)

[node name="TallGrass11" parent="Obstacles" index="10" unique_id=1606709052 instance=ExtResource("9_jceju")]
transform = Transform3D(1, 0, 0, 0, 1, 0, 0, 0, 1, 1, 0, 3.5)

[node name="TallGrass12" parent="Obstacles" index="11" unique_id=802706694 instance=ExtResource("9_jceju")]
transform = Transform3D(1, 0, 0, 0, 1, 0, 0, 0, 1, 0, 0, 3.5)

[node name="TallGrass24" parent="Obstacles" index="12" unique_id=231877855 instance=ExtResource("9_jceju")]
transform = Transform3D(1, 0, 0, 0, 1, 0, 0, 0, 1, -0.5, 0, 3.5)

[node name="TallGrass25" parent="Obstacles" index="13" unique_id=1947070771 instance=ExtResource("9_jceju")]
transform = Transform3D(1, 0, 0, 0, 1, 0, 0, 0, 1, -0.5, 0, 3)

[node name="TallGrass26" parent="Obstacles" index="14" unique_id=1480468137 instance=ExtResource("9_jceju")]
transform = Transform3D(1, 0, 0, 0, 1, 0, 0, 0, 1, -0.5, 0, 2.5)

[node name="TallGrass27" parent="Obstacles" index="15" unique_id=1404123793 instance=ExtResource("9_jceju")]
transform = Transform3D(1, 0, 0, 0, 1, 0, 0, 0, 1, -0.5, 0, 2)

[node name="TallGrass28" parent="Obstacles" index="16" unique_id=1259801508 instance=ExtResource("9_jceju")]
transform = Transform3D(1, 0, 0, 0, 1, 0, 0, 0, 1, -1, 0, 2)

[node name="TallGrass29" parent="Obstacles" index="17" unique_id=1622542257 instance=ExtResource("9_jceju")]
transform = Transform3D(1, 0, 0, 0, 1, 0, 0, 0, 1, -1, 0, 2.5)

[node name="TallGrass30" parent="Obstacles" index="18" unique_id=1328996075 instance=ExtResource("9_jceju")]
transform = Transform3D(1, 0, 0, 0, 1, 0, 0, 0, 1, -1, 0, 3)

[node name="TallGrass31" parent="Obstacles" index="19" unique_id=2057093223 instance=ExtResource("9_jceju")]
transform = Transform3D(1, 0, 0, 0, 1, 0, 0, 0, 1, -1, 0, 3.5)

[node name="TallGrass32" parent="Obstacles" index="20" unique_id=168411323 instance=ExtResource("9_jceju")]
transform = Transform3D(1, 0, 0, 0, 1, 0, 0, 0, 1, -1, 0, 3.5)

[node name="TallGrass33" parent="Obstacles" index="21" unique_id=505179680 instance=ExtResource("9_jceju")]
transform = Transform3D(1, 0, 0, 0, 1, 0, 0, 0, 1, -1.5, 0, 3.5)

[node name="TallGrass34" parent="Obstacles" index="22" unique_id=1971399181 instance=ExtResource("9_jceju")]
transform = Transform3D(1, 0, 0, 0, 1, 0, 0, 0, 1, -1.5, 0, 3)

[node name="TallGrass35" parent="Obstacles" index="23" unique_id=709431178 instance=ExtResource("9_jceju")]
transform = Transform3D(1, 0, 0, 0, 1, 0, 0, 0, 1, -1.5, 0, 2.5)

[node name="TallGrass36" parent="Obstacles" index="24" unique_id=893886804 instance=ExtResource("9_jceju")]
transform = Transform3D(1, 0, 0, 0, 1, 0, 0, 0, 1, -2, 0, 2)

[node name="TallGrass37" parent="Obstacles" index="25" unique_id=1176814142 instance=ExtResource("9_jceju")]
transform = Transform3D(1, 0, 0, 0, 1, 0, 0, 0, 1, -2, 0, 2.5)

[node name="TallGrass38" parent="Obstacles" index="26" unique_id=1230378269 instance=ExtResource("9_jceju")]
transform = Transform3D(1, 0, 0, 0, 1, 0, 0, 0, 1, -2, 0, 3)

[node name="TallGrass39" parent="Obstacles" index="27" unique_id=1829482068 instance=ExtResource("9_jceju")]
transform = Transform3D(1, 0, 0, 0, 1, 0, 0, 0, 1, -2, 0, 3.5)

[node name="TallGrass40" parent="Obstacles" index="28" unique_id=1287579835 instance=ExtResource("9_jceju")]
transform = Transform3D(1, 0, 0, 0, 1, 0, 0, 0, 1, -1.5, 0, 2)

[node name="TallGrass13" parent="Obstacles" index="29" unique_id=226043417 instance=ExtResource("9_jceju")]
transform = Transform3D(1, 0, 0, 0, 1, 0, 0, 0, 1, 0, 0, 3)

[node name="TallGrass14" parent="Obstacles" index="30" unique_id=1459766627 instance=ExtResource("9_jceju")]
transform = Transform3D(1, 0, 0, 0, 1, 0, 0, 0, 1, 0, 0, 2.5)

[node name="TallGrass15" parent="Obstacles" index="31" unique_id=139672461 instance=ExtResource("9_jceju")]
transform = Transform3D(1, 0, 0, 0, 1, 0, 0, 0, 1, 0.5, 0, 2.5)

[node name="TallGrass16" parent="Obstacles" index="32" unique_id=20464908 instance=ExtResource("9_jceju")]
transform = Transform3D(1, 0, 0, 0, 1, 0, 0, 0, 1, 1, 0, 2.5)

[node name="TallGrass17" parent="Obstacles" index="33" unique_id=1979918955 instance=ExtResource("9_jceju")]
transform = Transform3D(1, 0, 0, 0, 1, 0, 0, 0, 1, 1.5, 0, 2.5)

[node name="TallGrass18" parent="Obstacles" index="34" unique_id=2068179073 instance=ExtResource("9_jceju")]
transform = Transform3D(1, 0, 0, 0, 1, 0, 0, 0, 1, 1.5, 0, 3)

[node name="TallGrass20" parent="Obstacles" index="35" unique_id=1764487664 instance=ExtResource("9_jceju")]
transform = Transform3D(1, 0, 0, 0, 1, 0, 0, 0, 1, -0.75, -0.5, -0.75)

[node name="TallGrass19" parent="Obstacles" index="36" unique_id=1441976559 instance=ExtResource("9_jceju")]
transform = Transform3D(1, 0, 0, 0, 1, 0, 0, 0, 1, 1.5, 0, 3)

[node name="TallGrass21" parent="Obstacles" index="37" unique_id=2057411656 instance=ExtResource("9_jceju")]
transform = Transform3D(1, 0, 0, 0, 1, 0, 0, 0, 1, 1, 0, 3)

[node name="TallGrass22" parent="Obstacles" index="38" unique_id=1379124688 instance=ExtResource("9_jceju")]
transform = Transform3D(1, 0, 0, 0, 1, 0, 0, 0, 1, 0.5, 0, 3)

[node name="TallGrass23" parent="Obstacles" index="39" unique_id=1760059593 instance=ExtResource("9_jceju")]
transform = Transform3D(1, 0, 0, 0, 1, 0, 0, 0, 1, 0.5, 0, 3)

