[gd_scene load_steps=23 format=3 uid="uid://ct0yilv47scxo"]

[ext_resource type="PackedScene" uid="uid://bmc2la5fkmscu" path="res://game/levels/base_level.tscn" id="1_xx3ti"]
[ext_resource type="PackedScene" uid="uid://bml0rn4uxx07g" path="res://game/exit_area/exit_area.tscn" id="2_q13jh"]
[ext_resource type="PackedScene" uid="uid://ihojlm6krm5d" path="res://assets/models/beach/stone1_prefab.tscn" id="3_qhgd8"]
[ext_resource type="PackedScene" uid="uid://cjvkgf8fotduv" path="res://assets/models/beach/stone3_prefab.tscn" id="4_ilo1i"]
[ext_resource type="PackedScene" uid="uid://dlv00p3o5xd2j" path="res://assets/models/beach/stone4_prefab.tscn" id="5_lkmf1"]
[ext_resource type="PackedScene" uid="uid://xuwqosnwo8qw" path="res://assets/models/beach/palm3_prefab.tscn" id="6_h75d5"]
[ext_resource type="PackedScene" uid="uid://m0e7gij3jvvt" path="res://assets/models/beach/palm2_prefab.tscn" id="7_1rvk5"]
[ext_resource type="PackedScene" uid="uid://bg5xub852trsn" path="res://assets/models/water/water.tscn" id="8_4uc1c"]
[ext_resource type="Shader" uid="uid://qkw8c5wub6xg" path="res://game/shared/water/vfx_water.gdshader" id="9_224nb"]
[ext_resource type="PackedScene" uid="uid://bd6al6p5ch00v" path="res://assets/models/bush/bush_prefab.tscn" id="10_h2aah"]
[ext_resource type="PackedScene" uid="uid://dx88kwaop00fc" path="res://game/level_obstacles/obstacle2x1.tscn" id="11_ilo1i"]
[ext_resource type="PackedScene" uid="uid://b5hdpq54o462t" path="res://game/enemies/cactus_hog/cactus_hog_enemy.tscn" id="12_lkmf1"]
[ext_resource type="Script" uid="uid://1e84fd3xrrff" path="res://game/spawner/entity_spawner.gd" id="13_h75d5"]

[sub_resource type="NavigationMesh" id="NavigationMesh_lkmf1"]
vertices = PackedVector3Array(-2.14, 0.5, -2.27, -1.4900002, 0.5, -2.27, -1.4900002, 0.5, -4.48, -2.5300002, 0.5, -1.8800001, -4.48, 0.5, -4.48, -4.48, 0.5, 1.2399998, -2.5300002, 0.5, 1.1099997, 0.46000004, 0.5, -1.1000001, -0.4500003, 0.5, -1.1000001, -0.97000027, 0.5, -0.71000004, -0.97000027, 0.5, 1.1099997, 0.97999954, 0.5, 1.1099997, 0.97999954, 0.5, -0.71000004, -0.84000015, 0.5, -2.27, -0.4500003, 0.5, -1.8800001, 0.46000004, 0.5, -1.8800001, 0.8499999, 0.5, -2.27, 1.5, 0.5, -4.48, 1.5, 0.5, -2.27, 2.1499996, 0.5, -2.27, 2.54, 0.5, -1.8800001, 4.49, 0.5, -4.48, 2.54, 0.5, 1.1099997, 4.49, 0.5, 1.2399998, -2.5300002, 0.5, 1.8899999, -1.75, 0.5, 2.7999997, -4.48, 0.5, 4.49, 1.1099997, 0.5, 4.49, 0.97999954, 0.5, 2.7999997, 1.7599998, 0.5, 2.7999997, 2.54, 0.5, 1.8899999, 2.1499996, 0.5, 2.4099998, 4.49, 0.5, 4.49)
polygons = [PackedInt32Array(2, 1, 0), PackedInt32Array(0, 3, 2), PackedInt32Array(2, 3, 4), PackedInt32Array(6, 5, 3), PackedInt32Array(3, 5, 4), PackedInt32Array(7, 12, 8), PackedInt32Array(8, 12, 9), PackedInt32Array(9, 12, 11), PackedInt32Array(9, 11, 10), PackedInt32Array(14, 13, 15), PackedInt32Array(15, 13, 16), PackedInt32Array(16, 13, 2), PackedInt32Array(16, 2, 17), PackedInt32Array(16, 17, 18), PackedInt32Array(13, 1, 2), PackedInt32Array(15, 7, 14), PackedInt32Array(14, 7, 8), PackedInt32Array(19, 18, 17), PackedInt32Array(19, 17, 20), PackedInt32Array(20, 17, 21), PackedInt32Array(22, 20, 23), PackedInt32Array(23, 20, 21), PackedInt32Array(5, 6, 24), PackedInt32Array(24, 25, 5), PackedInt32Array(5, 25, 26), PackedInt32Array(28, 27, 25), PackedInt32Array(25, 27, 26), PackedInt32Array(29, 27, 28), PackedInt32Array(30, 22, 23), PackedInt32Array(31, 27, 29), PackedInt32Array(30, 23, 31), PackedInt32Array(31, 23, 32), PackedInt32Array(31, 32, 27)]
cell_size = 0.13
agent_max_climb = 0.0

[sub_resource type="StandardMaterial3D" id="StandardMaterial3D_y3v3i"]
albedo_color = Color(0, 0.29, 0.0145, 1)

[sub_resource type="StandardMaterial3D" id="StandardMaterial3D_qm2yx"]
albedo_color = Color(0, 0.29, 0.0145, 1)

[sub_resource type="BoxMesh" id="BoxMesh_teujt"]
size = Vector3(15, 1, 15)

[sub_resource type="ShaderMaterial" id="ShaderMaterial_daq7o"]
render_priority = 0
shader = ExtResource("9_224nb")
shader_parameter/unshaded_mode = false
shader_parameter/wobble_speed = 2.0
shader_parameter/wobble_intensity = 0.1
shader_parameter/wobble_scale = 500.0
shader_parameter/min_height = 0.0
shader_parameter/max_height = 0.1
shader_parameter/gradient_factor = 0.174000008265
shader_parameter/bottom_color = Color(0, 0.34, 0.68, 1)
shader_parameter/top_color = Color(0, 1, 0.95000005, 1)
shader_parameter/darken_factor = 0.6670000316825
shader_parameter/inside_color = Color(0.1, 0.1, 0.2, 1)
shader_parameter/inside_darken = 0.4770000226575
shader_parameter/alpha_value = 0.5790000275025

[sub_resource type="BoxMesh" id="BoxMesh_l7l38"]
size = Vector3(15, 1, 15)

[sub_resource type="StandardMaterial3D" id="StandardMaterial3D_kisfb"]
albedo_color = Color(0.34, 0.25007, 0.1054, 1)

[sub_resource type="PlaneMesh" id="PlaneMesh_g41uy"]
size = Vector2(30, 30)

[sub_resource type="StandardMaterial3D" id="StandardMaterial3D_bb1vs"]
albedo_color = Color(0.25, 0.18233332, 0.11, 1)

[node name="Level" instance=ExtResource("1_xx3ti")]

[node name="NavigationRegion3D" parent="." index="0"]
navigation_mesh = SubResource("NavigationMesh_lkmf1")

[node name="Floor" type="CSGBox3D" parent="NavigationRegion3D" index="0"]
transform = Transform3D(1, 0, 0, 0, 1, 0, 0, 0, 1, 0, -0.5, 0)
material_override = SubResource("StandardMaterial3D_y3v3i")
use_collision = true
collision_layer = 0
collision_mask = 0
size = Vector3(10, 1, 10)

[node name="Obstacles" type="Node3D" parent="NavigationRegion3D" index="1"]
transform = Transform3D(1, 0, 0, 0, 1, 0, 0, 0, 1, 0, 0.25, 0)

[node name="Obstacle2" parent="NavigationRegion3D/Obstacles" index="0" instance=ExtResource("11_ilo1i")]
transform = Transform3D(1, 0, 0, 0, 1, 0, 0, 0, 1, 0, 0, 2)

[node name="Obstacle3" parent="NavigationRegion3D/Obstacles" index="1" instance=ExtResource("11_ilo1i")]
transform = Transform3D(1, 0, 0, 0, 1, 0, 0, 0, 1, 1, 0, 2)

[node name="Obstacle4" parent="NavigationRegion3D/Obstacles" index="2" instance=ExtResource("11_ilo1i")]
transform = Transform3D(1, 0, 0, 0, 1, 0, 0, 0, 1, -1, 0, 2)

[node name="Obstacle13" parent="NavigationRegion3D/Obstacles" index="3" instance=ExtResource("11_ilo1i")]
transform = Transform3D(1, 0, 0, 0, 1, 0, 0, 0, 1, 1.5, 0, -1.5)

[node name="Obstacle14" parent="NavigationRegion3D/Obstacles" index="4" instance=ExtResource("11_ilo1i")]
transform = Transform3D(1, 0, 0, 0, 1, 0, 0, 0, 1, -1.5, 0, -1.5)

[node name="Obstacle5" parent="NavigationRegion3D/Obstacles" index="5" instance=ExtResource("11_ilo1i")]
transform = Transform3D(-4.371139e-08, 0, 1, 0, 1, 0, -1, 0, -4.371139e-08, -1.75, 0, 1.25)

[node name="Obstacle6" parent="NavigationRegion3D/Obstacles" index="6" instance=ExtResource("11_ilo1i")]
transform = Transform3D(-4.371139e-08, 0, 1, 0, 1, 0, -1, 0, -4.371139e-08, -1.75, 0, 0.25)

[node name="Obstacle7" parent="NavigationRegion3D/Obstacles" index="7" instance=ExtResource("11_ilo1i")]
transform = Transform3D(-4.371139e-08, 0, 1, 0, 1, 0, -1, 0, -4.371139e-08, -1.75, 0, -0.75)

[node name="Obstacle8" parent="NavigationRegion3D/Obstacles" index="8" instance=ExtResource("11_ilo1i")]
transform = Transform3D(-4.371139e-08, 0, 1, 0, 1, 0, -1, 0, -4.371139e-08, 1.75, 0, 1.25)

[node name="Obstacle9" parent="NavigationRegion3D/Obstacles" index="9" instance=ExtResource("11_ilo1i")]
transform = Transform3D(-4.371139e-08, 0, 1, 0, 1, 0, -1, 0, -4.371139e-08, 1.75, 0, 0.25)

[node name="Obstacle10" parent="NavigationRegion3D/Obstacles" index="10" instance=ExtResource("11_ilo1i")]
transform = Transform3D(-4.371139e-08, 0, 1, 0, 1, 0, -1, 0, -4.371139e-08, 1.75, 0, -0.75)

[node name="PlayerSpawnMarker" parent="." index="1"]
transform = Transform3D(1, 0, 0, 0, 1, 0, 0, 0, 1, 0, 0, 4)

[node name="Walls" type="Node" parent="." index="2"]

[node name="WallRight" type="CSGBox3D" parent="Walls" index="0"]
transform = Transform3D(1, 0, 0, 0, 1, 0, 0, 0, 1, 5.5, 1, 0)
visible = false
layers = 0
use_collision = true
collision_layer = 16
collision_mask = 0
size = Vector3(1, 4, 10)

[node name="WallLeft" type="CSGBox3D" parent="Walls" index="1"]
transform = Transform3D(1, 0, 0, 0, 1, 0, 0, 0, 1, -5.5, 1, 0)
visible = false
layers = 0
use_collision = true
collision_layer = 16
collision_mask = 0
size = Vector3(1, 4, 10)

[node name="WallBack" type="CSGBox3D" parent="Walls" index="2"]
transform = Transform3D(-4.371139e-08, 0, 1, 0, 1, 0, -1, 0, -4.371139e-08, 0, 1, 5.5)
visible = false
layers = 0
use_collision = true
collision_layer = 16
collision_mask = 0
size = Vector3(1, 4, 10)

[node name="WallFrontR" type="CSGBox3D" parent="Walls" index="3"]
transform = Transform3D(-4.371139e-08, 0, 1, 0, 1, 0, -1, 0, -4.371139e-08, 3, 1, -5.5)
visible = false
layers = 0
use_collision = true
collision_layer = 16
collision_mask = 0
size = Vector3(1, 4, 4)

[node name="WallFrontL" type="CSGBox3D" parent="Walls" index="4"]
transform = Transform3D(-4.371139e-08, 0, 1, 0, 1, 0, -1, 0, -4.371139e-08, -3, 1, -5.5)
visible = false
layers = 0
use_collision = true
collision_layer = 16
collision_mask = 0
size = Vector3(1, 4, 4)

[node name="WallFrontExit" type="CSGBox3D" parent="Walls" index="5"]
transform = Transform3D(-4.371139e-08, 0, 1, 0, 1, 0, -1, 0, -4.371139e-08, 0, 1, -6)
visible = false
layers = 0
use_collision = true
collision_layer = 16
collision_mask = 0
size = Vector3(1, 4, 4)

[node name="GoalArea" parent="." index="3"]
transform = Transform3D(1, 0, 0, 0, 1, 0, 0, 0, 1, 0, 0, -5)

[node name="LeaveArea" parent="." index="4" node_paths=PackedStringArray("parent") instance=ExtResource("2_q13jh")]
transform = Transform3D(1, 0, 0, 0, 1, 0, 0, 0, 1, 0, 0, -5.5)
parent = NodePath("..")

[node name="Floor" type="CSGBox3D" parent="LeaveArea" index="2"]
transform = Transform3D(1, 0, 0, 0, 1, 0, 0, 0, 1, 0, -0.33573765, -0.5)
material_override = SubResource("StandardMaterial3D_qm2yx")
use_collision = true
collision_layer = 0
collision_mask = 0
size = Vector3(9.915039, 1, 2)

[node name="Env" type="Node3D" parent="." index="8"]

[node name="stone_v1" parent="Env" index="0" instance=ExtResource("3_qhgd8")]
transform = Transform3D(1, 0, 0, 0, 1, 0, 0, 0, 1, -4.741355, -1.8054264, 5.462281)

[node name="stone_v8" parent="Env" index="1" instance=ExtResource("3_qhgd8")]
transform = Transform3D(1, 0, 0, 0, 1, 0, 0, 0, 1, -6.4256997, -2.032609, 1.158704)

[node name="stone_v9" parent="Env" index="2" instance=ExtResource("3_qhgd8")]
transform = Transform3D(1, 0, 0, 0, 1, 0, 0, 0, 1, -1.250854, -2.032609, 5.6231976)

[node name="stone_v10" parent="Env" index="3" instance=ExtResource("3_qhgd8")]
transform = Transform3D(0.46267727, 0, -0.88652676, 0, 1, 0, 0.88652676, 0, 0.46267727, 0.011022568, -2.241108, 5.12108)

[node name="stone_v2" parent="Env" index="4" instance=ExtResource("3_qhgd8")]
transform = Transform3D(0.97513, -0.22163361, 0, 0.22163361, 0.97513, 0, 0, 0, 1, -5.8175282, -1.6735135, 4.8086915)

[node name="stone_v5" parent="Env" index="5" instance=ExtResource("3_qhgd8")]
transform = Transform3D(0.97513, -0.22163361, 0, 0.22163361, 0.97513, 0, 0, 0, 1, -5.634328, -1.1358844, -4.772109)

[node name="stone_v6" parent="Env" index="6" instance=ExtResource("3_qhgd8")]
transform = Transform3D(0.97513, -0.22163361, 0, 0.22163361, 0.97513, 0, 0, 0, 1, 6.0542183, -1.1358854, -5.118126)

[node name="stone_v3" parent="Env" index="7" instance=ExtResource("4_ilo1i")]
transform = Transform3D(1, 0, 0, 0, 1, 0, 0, 0, 1, -2.1097379, -1.3970704, 6.666866)

[node name="stone_v4" parent="Env" index="8" instance=ExtResource("5_lkmf1")]
transform = Transform3D(0.084929496, -0.94459975, -0.3170463, -0.88288796, 0.07614479, -0.46336934, 0.4618399, 0.31927, -0.82750875, -4.8822646, 0.36626267, 3.1264858)

[node name="stone_v11" parent="Env" index="9" instance=ExtResource("5_lkmf1")]
transform = Transform3D(-0.61465865, 0.5394071, -0.0041628852, 0.40865195, 0.46975407, 0.5302047, 0.35210913, 0.3964259, -0.62261397, 5.801136, -1.4630804, 0.9227426)

[node name="stone_v12" parent="Env" index="10" instance=ExtResource("5_lkmf1")]
transform = Transform3D(0.42779967, 0, -0.90387356, 0, 1, 0, 0.90387356, 0, 0.42779967, 5.7402716, -1.9087806, -1.4352612)

[node name="stone_v13" parent="Env" index="11" instance=ExtResource("5_lkmf1")]
transform = Transform3D(0.4554362, 0, -0.89026845, 0, 1, 0, 0.89026845, 0, 0.4554362, -5.944285, -2.2047586, -1.0249624)

[node name="stone_v7" parent="Env" index="12" instance=ExtResource("5_lkmf1")]
transform = Transform3D(-0.6166, 0.076484665, -0.78355247, 0.123099215, 0.99239445, -1.745128e-09, 0.77759314, -0.09645468, -0.6213256, 5.2539625, -2.1893187, 5.422166)

[node name="palm_v3" parent="Env" index="13" instance=ExtResource("6_h75d5")]
transform = Transform3D(0.8640721, 0.013184575, -0.50319546, -0.04363761, 0.9978556, -0.04878768, 0.50147307, 0.0641143, 0.8627944, 1.9091325, -0.43139696, -4.4383674)

[node name="palm_v2" parent="Env" index="14" instance=ExtResource("7_1rvk5")]
transform = Transform3D(-0.104025155, 0, -0.9945747, 0, 1, 0, 0.9945747, 0, -0.104025155, -6.4766965, 4.7683716e-07, 4.7328873)

[node name="water" parent="Env" index="15" instance=ExtResource("8_4uc1c")]
transform = Transform3D(1, 0, 0, 0, 1, 0, 0, 0, 1, 0, -0.5055332, 2.5171242)
visible = false

[node name="Water" type="MeshInstance3D" parent="Env" index="16"]
transform = Transform3D(1, 0, 0, 0, 1, 0, 0, 0, 1, -0.070941925, -0.9065342, 0.018875122)
mesh = SubResource("BoxMesh_teujt")
surface_material_override/0 = SubResource("ShaderMaterial_daq7o")

[node name="Sand" type="MeshInstance3D" parent="Env/Water" index="0"]
transform = Transform3D(1, 0, 0, 0, 1, 0, 0, 0, 1, 0, -1, 0)
mesh = SubResource("BoxMesh_l7l38")
skeleton = NodePath("../..")
surface_material_override/0 = SubResource("StandardMaterial3D_kisfb")

[node name="MeshInstance3D" type="MeshInstance3D" parent="Env/Water" index="1"]
transform = Transform3D(1, 0, 0, 0, 1, 0, 0, 0, 1, 0.054949522, -1.4472942, -1.2698603)
mesh = SubResource("PlaneMesh_g41uy")
skeleton = NodePath("../..")
surface_material_override/0 = SubResource("StandardMaterial3D_bb1vs")

[node name="bush" parent="Env" index="17" instance=ExtResource("10_h2aah")]
transform = Transform3D(1, 0, 0, 0, 1, 0, 0, 0, 1, -4.6600866, -0.5630452, -4.760743)

[node name="bush2" parent="Env" index="18" instance=ExtResource("10_h2aah")]
transform = Transform3D(1, 0, 0, 0, 1, 0, 0, 0, 1, -5.2726593, -0.56304544, -0.3061869)

[node name="bush3" parent="Env" index="19" instance=ExtResource("10_h2aah")]
transform = Transform3D(0.8833733, 0, -0.46867004, -0.11734561, 0.96814764, -0.22117902, 0.4537418, 0.25038, 0.8552358, -4.536895, -0.4115569, 4.831285)

[node name="bush4" parent="Env" index="20" instance=ExtResource("10_h2aah")]
transform = Transform3D(0.8833733, 0, -0.46867004, -0.11734561, 0.96814764, -0.22117902, 0.4537418, 0.25038, 0.8552358, -5.2391934, -0.34945363, 4.5408673)

[node name="bush5" parent="Env" index="21" instance=ExtResource("10_h2aah")]
transform = Transform3D(-0.048895776, -0.22808012, -0.9724139, -0.117345616, 0.96814775, -0.22117904, 0.99188685, 0.10329381, -0.07410249, 5.137681, -0.48838586, -0.059951544)

[node name="bush6" parent="Env" index="22" instance=ExtResource("10_h2aah")]
transform = Transform3D(0.17671159, -0.19880728, -0.9639755, -0.117345616, 0.96814775, -0.22117904, 0.9772427, 0.15220319, 0.14775372, -5.9320993, 0.037203133, 4.6929703)

[node name="bush7" parent="Env" index="23" instance=ExtResource("10_h2aah")]
transform = Transform3D(0.48388153, -0.13875102, -0.86406416, -0.117345616, 0.96814775, -0.22117904, 0.86723053, 0.2084186, 0.45218703, 2.0446417, -0.34945363, -4.6319957)

[node name="bush8" parent="Env" index="24" instance=ExtResource("10_h2aah")]
transform = Transform3D(-0.28313565, -0.24608964, -0.92697036, -0.117345616, 0.96814775, -0.22117904, 0.95187414, 0.04615226, -0.30299467, 1.7858138, -0.34945363, -5.0965815)

[node name="bush11" parent="Env" index="25" instance=ExtResource("10_h2aah")]
transform = Transform3D(-0.28313565, -0.24608964, -0.92697036, -0.117345616, 0.96814775, -0.22117904, 0.95187414, 0.04615226, -0.30299467, 0.44122803, -0.046832144, -5.1168404)

[node name="bush14" parent="Env" index="26" instance=ExtResource("10_h2aah")]
transform = Transform3D(-0.28313565, -0.24608964, -0.92697036, -0.117345616, 0.96814775, -0.22117904, 0.95187414, 0.04615226, -0.30299467, -0.24539697, -0.046832144, -6.3034544)

[node name="bush12" parent="Env" index="27" instance=ExtResource("10_h2aah")]
transform = Transform3D(0.18330827, -0.1977747, -0.9629555, -0.117345616, 0.96814775, -0.22117904, 0.9760269, 0.15354256, 0.15426144, -0.4125293, -0.2751102, -5.8562193)

[node name="bush13" parent="Env" index="28" instance=ExtResource("10_h2aah")]
transform = Transform3D(0.18330827, -0.1977747, -0.9629555, -0.117345616, 0.96814775, -0.22117904, 0.9760269, 0.15354256, 0.15426144, -0.75392145, -0.3510198, -5.033015)

[node name="bush9" parent="Env" index="29" instance=ExtResource("10_h2aah")]
transform = Transform3D(-0.25915903, -0.24485394, -0.9342822, -0.117345616, 0.96814775, -0.22117904, 0.9586798, 0.0523134, -0.27963674, -2.2324166, -0.34945363, -5.22117)

[node name="bush10" parent="Env" index="30" instance=ExtResource("10_h2aah")]
transform = Transform3D(0.5289084, 0, -0.2806101, -0.07025916, 0.5796659, -0.13242808, 0.271672, 0.14991179, 0.51206136, 0.52029824, 1.8913665, -5.1817894)

[node name="Enemies" type="Node" parent="." index="9"]

[node name="CactusHog" parent="Enemies" index="0" instance=ExtResource("12_lkmf1")]

[node name="CactusHog2" parent="Enemies" index="1" instance=ExtResource("12_lkmf1")]
transform = Transform3D(1, 0, 0, 0, 1, 0, 0, 0, 1, -0.6514132, 2.3841858e-07, -0.43279326)

[node name="CactusHog3" parent="Enemies" index="2" instance=ExtResource("12_lkmf1")]
transform = Transform3D(1, 0, 0, 0, 1, 0, 0, 0, 1, -0.5332148, 0, 0.8132899)

[node name="CactusHog4" parent="Enemies" index="3" instance=ExtResource("12_lkmf1")]
transform = Transform3D(1, 0, 0, 0, 1, 0, 0, 0, 1, 0.46346897, 0, 1.0639383)

[node name="CactusHog5" parent="Enemies" index="4" instance=ExtResource("12_lkmf1")]
transform = Transform3D(1, 0, 0, 0, 1, 0, 0, 0, 1, 0.41596812, 2.3841858e-07, -0.8373178)

[node name="EntitySpawner" type="Node3D" parent="." index="10"]
transform = Transform3D(1, 0, 0, 0, 1, 0, 0, 0, 1, -0.0382123, 0.21400213, 0)
script = ExtResource("13_h75d5")
entity_to_spawn = ExtResource("12_lkmf1")
amount_of_spawns = 60
time_between_entities = 1.0
metadata/_custom_type_script = "uid://1e84fd3xrrff"
