[gd_scene format=3 uid="uid://bxglfcun4vtdd"]

[ext_resource type="PackedScene" uid="uid://co52j3d3jhmoy" path="res://game/levels/6-Vxx-Volcano/Vxx-base_level.tscn" id="1_ckxew"]
[ext_resource type="MeshLibrary" uid="uid://b6oqc16j58w4r" path="res://level/tilemap/obstale_tilemap.tres" id="2_66ia3"]
[ext_resource type="NavigationMesh" uid="uid://c60v4w0nd7xde" path="res://game/levels/6-Vxx-Volcano/navmeshs2/vb01_navmesh.res" id="2_mnqux"]
[ext_resource type="PackedScene" uid="uid://buu1fct1h48qb" path="res://game/enemies/6-volcano/boss_shark/boss_shark.tscn" id="2_ycyey"]
[ext_resource type="PackedScene" uid="uid://6yrxe41rhgei" path="res://game/player/abilities/realistic/robot.tscn" id="8_6xc33"]

[sub_resource type="BoxMesh" id="BoxMesh_rmwgy"]
size = Vector3(5, 1, 5)

[sub_resource type="BoxShape3D" id="BoxShape3D_rmwgy"]
size = Vector3(5, 1, 5)

[node name="Level" unique_id=1973423689 instance=ExtResource("1_ckxew")]
is_boss_level = true
music = 5

[node name="NavigationRegion3D" parent="." index="0" unique_id=1440811827]
navigation_mesh = ExtResource("2_mnqux")

[node name="BorderGridMap" parent="NavigationRegion3D" index="0" unique_id=1833051751]
data = {
"cells": PackedInt32Array(65530, 5, 3, 65531, 5, 3, 65532, 5, 3, 65533, 5, 3, 65534, 5, 3, 65535, 5, 3, 0, 5, 3, 1, 5, 3, 2, 5, 3, 3, 5, 3, 4, 5, 3, 5, 5, 3, 5, 65530, 3, 5, 65531, 3, 5, 65532, 3, 5, 65533, 3, 5, 65534, 3, 5, 65535, 3, 5, 0, 3, 5, 1, 3, 5, 2, 3, 5, 3, 3, 5, 4, 3, 65530, 65530, 3, 65530, 65531, 3, 65530, 65532, 3, 65530, 65533, 3, 65530, 65534, 3, 65530, 65535, 3, 65530, 0, 3, 65530, 1, 3, 65530, 2, 3, 65530, 3, 3, 65530, 4, 3, 65531, 65530, 3, 65532, 65530, 3, 65533, 65530, 3, 65534, 65530, 3, 0, 65530, 3, 1, 65530, 3, 2, 65530, 3, 3, 65530, 3, 4, 65530, 3, 65535, 65530, 3)
}

[node name="ObstacleGridMap" type="GridMap" parent="NavigationRegion3D" index="1" unique_id=1332231113]
transform = Transform3D(1, 0, 0, 0, 1, 0, 0, 0, 1, 0, 0.5, 0)
mesh_library = ExtResource("2_66ia3")
cell_size = Vector3(0.5, 0.5, 0.5)
metadata/_editor_floor_ = Vector3(0, 0, 0)

[node name="MeshInstance3D" parent="NavigationRegion3D/StaticBody3D" parent_id_path=PackedInt32Array(2126814094) index="0" unique_id=1370452096]
mesh = SubResource("BoxMesh_rmwgy")

[node name="CollisionShape3D" parent="NavigationRegion3D/StaticBody3D" parent_id_path=PackedInt32Array(2126814094) index="1" unique_id=423930638]
transform = Transform3D(1, 0, 0, 0, 1, 0, 0, 0, 1, 0, 0, -0.013000488)
shape = SubResource("BoxShape3D_rmwgy")

[node name="PlayerSpawnMarker" parent="." index="1" unique_id=1539073355]
transform = Transform3D(1, 0, 0, 0, 1, 0, 0, 0, 1, 0, 0.5, 0.5)

[node name="GoalArea" parent="." index="2" unique_id=1533472146]
transform = Transform3D(1, 0, 0, 0, 1, 0, 0, 0, 1, 0, 0, 1)

[node name="Bedrock" parent="Env" parent_id_path=PackedInt32Array(1593707156) index="0" unique_id=1601940965]
transform = Transform3D(10, 0, 0, 0, 10, 0, 0, 0, 10, -0.015992403, -2.0722504, -1.2509851)

[node name="Lava" parent="Env" parent_id_path=PackedInt32Array(1593707156) index="1" unique_id=1888487937]
transform = Transform3D(-2.625, 3.96364e-07, 1.732562e-14, 0, -1.1474239e-07, 2.625, 3.96364e-07, 2.625, 1.1474239e-07, 5.7586665, -0.41393697, -4.748145)

[node name="volcano_stone_01" parent="Env/Node3D" parent_id_path=PackedInt32Array(1846319933) index="0" unique_id=667927802]
transform = Transform3D(0.79348576, -0.38404092, -0.47211534, 0.14590551, 0.87317425, -0.46505722, 0.59084004, 0.30013204, 0.748885, -5.242826, -1.0624256, 5.7360616)

[node name="volcano_stone_02" parent="Env/Node3D" parent_id_path=PackedInt32Array(1846319933) index="1" unique_id=1980216610]
transform = Transform3D(0.14846528, 0, -0.98891765, 0, 1, 0, 0.98891765, 0, 0.14846528, -6.384719, -1.0193936, 4.402232)

[node name="volcano_stone_06" parent="Env/Node3D" parent_id_path=PackedInt32Array(1846319933) index="2" unique_id=2140811603]
transform = Transform3D(-0.6255285, 0, 0.78020126, 0, 1, 0, -0.78020126, 0, -0.6255285, 5.407815, -1.6538092, -6.126197)

[node name="volcano_stone_07" parent="Env/Node3D" parent_id_path=PackedInt32Array(1846319933) index="3" unique_id=1054844115]
transform = Transform3D(0.9839599, 0, 0.17838997, 0, 1, 0, -0.17838997, 0, 0.9839599, 3.3878605, -1.0193936, 6.3719153)

[node name="volcano_stone_08" parent="Env/Node3D" parent_id_path=PackedInt32Array(1846319933) index="4" unique_id=2126928874]
transform = Transform3D(0.49869278, 0, 0.03613163, 0, 0.5, 0, -0.03613163, 0, 0.49869278, -1.0327115, -0.40337437, 6.1100006)

[node name="volcano_stone_03" parent="Env/Node3D" parent_id_path=PackedInt32Array(1846319933) index="5" unique_id=1973827186]
transform = Transform3D(-1.4137517, 0.4597959, -1.3378692, 0.11187443, 1.921829, 0.5422702, 1.4102447, 0.308481, -1.384214, -6.384649, -4.0124345, -6.2545023)

[node name="volcano_stone_04" parent="Env/Node3D" parent_id_path=PackedInt32Array(1846319933) index="6" unique_id=1569124624]
transform = Transform3D(1.4796902, 0.6138087, 1.1973948, -0.6313302, 1.888419, -0.18787014, -1.1882498, -0.23898074, 1.5908959, 4.7422495, -3.930735, -0.528985)

[node name="volcano_stone_05" parent="Env/Node3D" parent_id_path=PackedInt32Array(1846319933) index="7" unique_id=1460671164]
transform = Transform3D(-0.78747123, -0.20545384, 0.58110046, -0.31566513, 0.94420964, -0.09393509, -0.52938133, -0.25740433, -0.80839247, 0.5699823, -1.2003436, -6.0287466)

[node name="BossShark" parent="Enemies" parent_id_path=PackedInt32Array(2012922691) index="0" unique_id=1898691 instance=ExtResource("2_ycyey")]
transform = Transform3D(1, 0, 0, 0, 1, 0, 0, 0, 1, -3.7429123, 0.09344214, -1.7844396)

[node name="MiniEumlingRobot" parent="Robot" parent_id_path=PackedInt32Array(614762836) index="0" unique_id=1814085372 instance=ExtResource("8_6xc33")]
transform = Transform3D(-0.70710677, 0, -0.70710677, 0, 1, 0, 0.70710677, 0, -0.70710677, 1.7195059, 0, -1.6019318)
