[gd_scene format=4 uid="uid://up4ci3iwwg8b"]

[ext_resource type="Script" uid="uid://lg8w37eduu3l" path="res://game/levels/level.gd" id="1_eloi7"]
[ext_resource type="MeshLibrary" uid="uid://b6oqc16j58w4r" path="res://level/tilemap/obstale_tilemap.tres" id="2_jyv5p"]
[ext_resource type="Script" uid="uid://cfqhfr170figj" path="res://level/playgounrd/camera_3d.gd" id="3_6ii85"]
[ext_resource type="PackedScene" uid="uid://dja7e38qqqhkd" path="res://assets/models/3-Jungle/jungle_tree/jungel_tree_prefab.tscn" id="4_ruf1u"]
[ext_resource type="Script" uid="uid://b12g0nyew0m0i" path="res://global/settings/graphics_settings_component_shadow.gd" id="5_v7yfb"]
[ext_resource type="PackedScene" uid="uid://bkff3bbbcyrcj" path="res://assets/models/3-Jungle/momument/prefab_monument.tscn" id="6_i2d4m"]
[ext_resource type="PackedScene" uid="uid://bujhyll6x4iak" path="res://assets/models/3-Jungle/JunglePlant/jungle_plant_big.tscn" id="7_6ii85"]
[ext_resource type="PackedScene" uid="uid://31e8rrg543xf" path="res://assets/models/3-Jungle/JunglePlant/jungle_plant_small.tscn" id="8_ruf1u"]
[ext_resource type="Script" uid="uid://ce3uevtwoe7te" path="res://global/settings/graphics_settings_component_global_illumination.gd" id="12_h2kg2"]
[ext_resource type="Script" uid="uid://do4ujdcqq0nii" path="res://addons/world_wind/world_wind.gd" id="14_4y2u6"]
[ext_resource type="PackedScene" uid="uid://d25506xweg742" path="res://assets/models/3-Jungle/stones/jungle_stone_01/jungle_stone_01.tscn" id="14_cxf2i"]

[sub_resource type="NavigationMesh" id="NavigationMesh_wbp8f"]
vertices = PackedVector3Array(-4.5, 1, -4.5, -4.5, 1, 4.5, 4.5, 1, 4.5, 4.5, 1, -4.5)
polygons = [PackedInt32Array(3, 2, 0), PackedInt32Array(0, 2, 1)]

[sub_resource type="Gradient" id="Gradient_v7yfb"]
interpolation_mode = 1
offsets = PackedFloat32Array(0, 0.2901879, 0.70563674)
colors = PackedColorArray(0.075419985, 0.36, 0.025199998, 1, 0.07960998, 0.38, 0.026599998, 1, 0.08798998, 0.42, 0.029399997, 1)

[sub_resource type="FastNoiseLite" id="FastNoiseLite_4y2u6"]
frequency = 0.002
fractal_type = 3
fractal_octaves = 2

[sub_resource type="NoiseTexture2D" id="NoiseTexture2D_cxf2i"]
noise = SubResource("FastNoiseLite_4y2u6")
color_ramp = SubResource("Gradient_v7yfb")
seamless = true

[sub_resource type="StandardMaterial3D" id="StandardMaterial3D_5nfpk"]
albedo_texture = SubResource("NoiseTexture2D_cxf2i")

[sub_resource type="StandardMaterial3D" id="StandardMaterial3D_euww8"]

[sub_resource type="ArrayMesh" id="ArrayMesh_lttw8"]
_surfaces = [{
"aabb": AABB(-5, -0.5, -5, 10, 1, 10),
"format": 34896613377,
"index_count": 30,
"index_data": PackedByteArray("AAABAAIAAwACAAEAAwAEAAIABAAAAAIABQADAAEABAAGAAAABgAFAAcABQABAAcABgAHAAAAAAAHAAEA"),
"primitive": 3,
"uv_scale": Vector4(0, 0, 0, 0),
"vertex_count": 8,
"vertex_data": PackedByteArray("/////wAAAAAAAP////8AAAAA//8AAAAAAAAAAP//AAAAAAAAAAAAAP//AAD//wAA//8AAAAAAAD///////8AAA==")
}]
blend_shape_mode = 0

[sub_resource type="ArrayMesh" id="ArrayMesh_v7yfb"]
resource_name = "base_floor_10x10_Cube"
lightmap_size_hint = Vector2i(250, 250)
_surfaces = [{
"aabb": AABB(-5, -0.5, -5, 10, 1, 10),
"attribute_data": PackedByteArray("66VqP+ujaj9vEgM7bxIDO6vIqj2r2Ko9BFZOPwRWTj/ro2o/q8iqPW8SAzsEVk4/q9iqPeulaj8EVk4/bxIDO8AAwDjrnGo/c2hRP28SAzuryKo9q9iqPXnpZj8EVk4/q9iqPeulaj956WY/bxIDO8AAwDir+Ko9c2hRPwRWTj+rEKs9wADAOJhuUj/ufH8/66NqP6vIqj28dJM85/tpP6vIqj2r2Ko9mG5SP+f7aT/rn2o/wADAOLx0kzzufH8/65xqPwD5fz+WQws9c2hRP6vYqj3rpWo/K4dWP3npZj/rpWo/66NqP5ZDCz156WY/q/iqPQD5fz8rh1Y/c2hRPwD5fz+rEKs95/tpP7x0kzzrpWo/66NqP+58fz+YblI/66NqP6vIqj3ufH8/vHSTPAD5fz/rn2o/5/tpP5huUj8="),
"format": 34359742519,
"index_count": 30,
"index_data": PackedByteArray("AAABAAIAAAADAAEABAAFAAYABAAHAAUACAAJAAoACAALAAkADAANAA4ADAAPAA0AEAARABIAEAATABEA"),
"material": SubResource("StandardMaterial3D_euww8"),
"primitive": 3,
"uv_scale": Vector4(0, 0, 0, 0),
"vertex_count": 20,
"vertex_data": PackedByteArray("AACgQAAAAD8AAKDAAACgwAAAAD8AAKBAAACgwAAAAD8AAKDAAACgQAAAAD8AAKBAAACgQAAAAL8AAKBAAACgwAAAAD8AAKBAAACgQAAAAD8AAKBAAACgwAAAAL8AAKBAAACgwAAAAL8AAKBAAACgwAAAAD8AAKDAAACgwAAAAD8AAKBAAACgwAAAAL8AAKDAAACgQAAAAL8AAKDAAACgQAAAAD8AAKBAAACgQAAAAD8AAKDAAACgQAAAAL8AAKBAAACgwAAAAL8AAKDAAACgQAAAAD8AAKDAAACgwAAAAD8AAKDAAACgQAAAAL8AAKDAAYD7/wAA/v8BgPv/AAD+/wGA+/8AAP7/AYD7/wAA/v//f/9/1H/p//9//38WgPP//3//f85/5v//f/9/GYDy/wAAAYD///7/AAAFgP7//f8AAAGA///+/wAABYD+//3//f8AgP7//v/9/wCA/v/+//7//3/+/wCA/f8AgP7//v8AAP7/0n8VgAAA/v8SgAiAAAD+/81/F4AAAP7/FoAKgA==")
}]
blend_shape_mode = 0
shadow_mesh = SubResource("ArrayMesh_lttw8")

[sub_resource type="StandardMaterial3D" id="StandardMaterial3D_p2l1w"]
albedo_color = Color(0.32, 0.256, 0, 1)

[sub_resource type="BoxShape3D" id="BoxShape3D_p2l1w"]
size = Vector3(10, 1, 10)

[sub_resource type="BoxShape3D" id="BoxShape3D_wbp8f"]
size = Vector3(1.9667969, 1.8048096, 1)

[sub_resource type="Gradient" id="Gradient_gxtsi"]
offsets = PackedFloat32Array(0.25613078, 0.3133515, 0.373297)
colors = PackedColorArray(0.32156864, 0.46666667, 0.58431375, 1, 0.68235296, 0.7372549, 0.7882353, 1, 0.6292534, 0.85100484, 0.81591386, 1)

[sub_resource type="GradientTexture2D" id="GradientTexture2D_4y2u6"]
gradient = SubResource("Gradient_gxtsi")
fill_from = Vector2(1, 1)

[sub_resource type="PanoramaSkyMaterial" id="PanoramaSkyMaterial_vfi3j"]
panorama = SubResource("GradientTexture2D_4y2u6")

[sub_resource type="Sky" id="Sky_cxf2i"]
sky_material = SubResource("PanoramaSkyMaterial_vfi3j")

[sub_resource type="Environment" id="Environment_weh0f"]
background_mode = 2
background_color = Color(0.2772, 0.67144, 0.77, 1)
sky = SubResource("Sky_cxf2i")
ambient_light_source = 2
ambient_light_color = Color(1, 1, 1, 1)
ambient_light_energy = 3.0
tonemap_mode = 4
glow_intensity = 0.2
adjustment_enabled = true
adjustment_contrast = 1.1
adjustment_saturation = 1.51

[sub_resource type="BoxMesh" id="BoxMesh_7ms32"]
lightmap_size_hint = Vector2i(154, 91)
add_uv2 = true
size = Vector3(15, 1, 15)

[sub_resource type="StandardMaterial3D" id="StandardMaterial3D_xc7g1"]
albedo_color = Color(0.1267704, 0.22285762, 0.0890807, 1)

[sub_resource type="PlaneMesh" id="PlaneMesh_q377s"]
lightmap_size_hint = Vector2i(202, 202)
add_uv2 = true
size = Vector2(40, 40)

[sub_resource type="StandardMaterial3D" id="StandardMaterial3D_4n8tp"]
albedo_color = Color(0.06586128, 0.13228461, 0.02173196, 1)

[node name="Level" type="Node3D" unique_id=1578328013 node_paths=PackedStringArray("player_spawn", "goal_area")]
script = ExtResource("1_eloi7")
player_spawn = NodePath("PlayerSpawnMarker")
goal_area = NodePath("GoalArea")
music = 1

[node name="NavigationRegion3D" type="NavigationRegion3D" parent="." unique_id=974191959]
navigation_mesh = SubResource("NavigationMesh_wbp8f")

[node name="BorderGridMap" type="GridMap" parent="NavigationRegion3D" unique_id=824927406]
transform = Transform3D(1, 0, 0, 0, 1, 0, 0, 0, 1, 0, 0.5, 0)
visible = false
mesh_library = ExtResource("2_jyv5p")
cell_size = Vector3(0.5, 0.5, 0.5)
collision_layer = 512
collision_mask = 0
data = {
"cells": PackedInt32Array(10, 8, 1, 10, 7, 1, 10, 6, 1, 10, 5, 1, 10, 4, 1, 10, 3, 1, 10, 2, 1, 10, 1, 1, 10, 0, 1, 10, 65535, 1, 10, 65534, 1, 10, 65533, 1, 10, 65532, 1, 10, 65531, 1, 10, 65530, 1, 10, 65529, 1, 10, 65528, 1, 10, 65527, 1, 10, 65526, 1, 10, 9, 1, 10, 10, 1, 65526, 10, 1, 65527, 10, 1, 65528, 10, 1, 65529, 10, 1, 65530, 10, 1, 65531, 10, 1, 65532, 10, 1, 65533, 10, 1, 65534, 10, 1, 65535, 10, 1, 7, 10, 1, 8, 10, 1, 9, 10, 1, 6, 10, 1, 5, 10, 1, 4, 10, 1, 3, 10, 1, 2, 10, 1, 1, 10, 1, 0, 10, 1, 65525, 10, 1, 65525, 9, 1, 65525, 8, 1, 65525, 6, 1, 65525, 5, 1, 65525, 4, 1, 65525, 3, 1, 65525, 2, 1, 65525, 1, 1, 65525, 0, 1, 65525, 65535, 1, 65525, 65534, 1, 65525, 65533, 1, 65525, 65532, 1, 65525, 65530, 1, 65525, 65529, 1, 65525, 65528, 1, 65525, 65527, 1, 65525, 65526, 1, 65525, 65525, 1, 65526, 65525, 1, 65525, 7, 1, 65527, 65525, 1, 65528, 65525, 1, 65529, 65525, 1, 65530, 65525, 1, 65531, 65525, 1, 65532, 65525, 1, 65533, 65525, 1, 2, 65525, 1, 3, 65525, 1, 4, 65525, 1, 5, 65525, 1, 6, 65525, 1, 7, 65525, 1, 8, 65525, 1, 9, 65525, 1, 10, 65525, 1, 65533, 65524, 1, 65533, 65523, 1, 65533, 65522, 1, 65533, 65520, 1, 65533, 65519, 1, 65534, 65519, 1, 65535, 65519, 1, 0, 65519, 1, 1, 65519, 1, 2, 65519, 1, 2, 65524, 1, 2, 65523, 1, 2, 65522, 1, 2, 65521, 1, 2, 65520, 1, 65533, 65521, 1, 65525, 65531, 1, 65530, 65527, 1048579)
}
metadata/_editor_floor_ = Vector3(0, 0, 0)

[node name="base_floor_10x10" type="Node3D" parent="NavigationRegion3D" unique_id=257884405]

[node name="Cube" type="MeshInstance3D" parent="NavigationRegion3D/base_floor_10x10" unique_id=1334605973]
material_override = SubResource("StandardMaterial3D_5nfpk")
cast_shadow = 0
mesh = SubResource("ArrayMesh_v7yfb")
skeleton = NodePath("")
surface_material_override/0 = SubResource("StandardMaterial3D_p2l1w")

[node name="StaticBody3D" type="StaticBody3D" parent="NavigationRegion3D/base_floor_10x10" unique_id=609319010]

[node name="CollisionShape3D" type="CollisionShape3D" parent="NavigationRegion3D/base_floor_10x10/StaticBody3D" unique_id=1663311686]
shape = SubResource("BoxShape3D_p2l1w")

[node name="PlayerSpawnMarker" type="Marker3D" parent="." unique_id=522500278]
transform = Transform3D(1, 0, 0, 0, 1, 0, 0, 0, 1, 0, 0.5, 4)

[node name="GoalArea" type="Area3D" parent="." unique_id=354469362]
transform = Transform3D(1, 0, 0, 0, 1, 0, 0, 0, 1, 0, 0, -6)
collision_layer = 0
collision_mask = 2

[node name="CollisionShape3D" type="CollisionShape3D" parent="GoalArea" unique_id=484869381]
transform = Transform3D(1, 0, 0, 0, 1, 0, 0, 0, 1, 0, 0.5, 0)
shape = SubResource("BoxShape3D_wbp8f")

[node name="Camera3D" type="Camera3D" parent="." unique_id=733772650]
transform = Transform3D(0.7071066, -0.6123725, 0.3535537, 0, 0.5000003, 0.86602527, -0.70710695, -0.61237216, 0.35355353, 4.5242615, 11.085632, 4.2108154)
projection = 1
fov = 45.0
size = 5.5
near = 0.1
far = 30.0
script = ExtResource("3_6ii85")

[node name="Environment" type="Node3D" parent="." unique_id=333127803]

[node name="WorldEnvironment" type="WorldEnvironment" parent="Environment" unique_id=724511704]
environment = SubResource("Environment_weh0f")

[node name="DirectionalLight" type="DirectionalLight3D" parent="Environment" unique_id=1254789372]
transform = Transform3D(0.32632717, -0.86699545, -0.37660265, 0, -0.39841303, 0.91720617, -0.9452569, -0.29930928, -0.130013, 0, 15.1953125, 0)
shadow_enabled = true
directional_shadow_mode = 0
directional_shadow_split_1 = 0.013

[node name="GraphicsSettingsComponentShadow" type="Node" parent="Environment/DirectionalLight" unique_id=1158355074]
script = ExtResource("5_v7yfb")
metadata/_custom_type_script = "uid://b12g0nyew0m0i"

[node name="WorldWind" type="Node3D" parent="Environment" unique_id=1746742288]
transform = Transform3D(1, 0, 0, 0, 1, 0, 0, 0, 1, 0, 11, 0)
script = ExtResource("14_4y2u6")
metadata/_custom_type_script = "uid://do4ujdcqq0nii"

[node name="Env" type="Node3D" parent="." unique_id=1339304514]

[node name="basefloor" type="MeshInstance3D" parent="Env" unique_id=837812619]
transform = Transform3D(1, 0, 0, 0, 1, 0, 0, 0, 1, 0, -0.893, 0)
gi_lightmap_texel_scale = 0.1
mesh = SubResource("BoxMesh_7ms32")
surface_material_override/0 = SubResource("StandardMaterial3D_xc7g1")

[node name="MeshInstance3D" type="MeshInstance3D" parent="Env" unique_id=613573041]
transform = Transform3D(1, 0, 0, 0, 1, 0, 0, 0, 1, 0, -1.354, 0)
gi_lightmap_texel_scale = 0.1
mesh = SubResource("PlaneMesh_q377s")
surface_material_override/0 = SubResource("StandardMaterial3D_4n8tp")

[node name="jungel_tree_01" parent="Env" unique_id=1450775743 instance=ExtResource("4_ruf1u")]
transform = Transform3D(1, 0, 0, 0, 1, 0, 0, 0, 1, -3.7914107, -0.43659332, -5.637316)

[node name="jungel_tree_02" parent="Env" unique_id=910840955 instance=ExtResource("4_ruf1u")]
transform = Transform3D(-0.27577183, 0, -0.9612234, 0, 1, 0, 0.9612234, 0, -0.27577183, -8.737791, -0.43659285, -3.5010982)

[node name="jungel_tree_03" parent="Env" unique_id=1599164419 instance=ExtResource("4_ruf1u")]
transform = Transform3D(-0.6845598, 0, 0.7289568, 0, 1, 0, -0.7289568, 0, -0.6845598, -6.8466964, -1.3226206, 3.5075579)

[node name="jungel_tree_04" parent="Env" unique_id=1701500827 instance=ExtResource("4_ruf1u")]
transform = Transform3D(-0.23785546, 0, 0.97130066, 0, 1, 0, -0.97130066, 0, -0.23785546, 10.874983, -1.3226206, -4.946727)

[node name="jungel_tree_05" parent="Env" unique_id=280911308 instance=ExtResource("4_ruf1u")]
transform = Transform3D(0.9427871, 0, -0.33339548, 0, 1, 0, 0.33339548, 0, 0.9427871, 11.061995, -1.3226206, 3.098256)

[node name="jungel_tree_06" parent="Env" unique_id=1473494391 instance=ExtResource("4_ruf1u")]
transform = Transform3D(-0.6531634, -0.09730309, -0.7509391, -0.085000426, 0.99486303, -0.054976616, 0.7524309, 0.027921423, -0.65807897, -0.74897957, -1.3226206, 9.969472)

[node name="jungel_tree_07" parent="Env" unique_id=1848363168 instance=ExtResource("4_ruf1u")]
transform = Transform3D(-0.4045066, -0.14164454, -0.9034994, -0.2602148, 0.9649244, -0.03477329, 0.8767342, 0.22103786, -0.42717636, 9.756758, -1.3226206, 8.267507)

[node name="jungel_tree_08" parent="Env" unique_id=1753429346 instance=ExtResource("4_ruf1u")]
transform = Transform3D(0.84010315, 0, 0.54242676, 0, 1, 0, -0.54242676, 0, 0.84010315, 2.8987865, -1.3226206, -9.646373)

[node name="momument" parent="Env" unique_id=1469856937 instance=ExtResource("6_i2d4m")]
transform = Transform3D(0.7696218, 0, -1.8459909, 0, 2, 0, 1.8459909, 0, 0.7696218, -5.004555, 0.49693966, -5.149027)

[node name="momument2" parent="Env" unique_id=327880584 instance=ExtResource("6_i2d4m")]
transform = Transform3D(-0.39868945, 0, -2.9733896, 0, 2.9999998, 0, 2.9733896, 0, -0.39868945, -3.167746, 0.4248612, -5.1647773)

[node name="momument3" parent="Env" unique_id=411661624 instance=ExtResource("6_i2d4m")]
transform = Transform3D(-1.5163506, 2.3195336, -7.5046964, 1.9759231, 7.510116, 1.9219627, 7.6023974, -1.4892908, -1.9963971, 5.4252205, -0.83440447, 3.6146007)

[node name="JunglePlant" parent="Env" unique_id=1945559244 instance=ExtResource("7_6ii85")]
transform = Transform3D(1, 0, 0, 0, 1, 0, 0, 0, 1, 3.8872247, 0.49689913, -5.08597)

[node name="JunglePlant2" parent="Env" unique_id=620267230 instance=ExtResource("7_6ii85")]
transform = Transform3D(1, 0, 0, 0, 1, 0, 0, 0, 1, -5.2345066, 0.49689913, 5.2374053)

[node name="JunglePlant4" parent="Env" unique_id=1825046548 instance=ExtResource("7_6ii85")]
transform = Transform3D(0.9495295, 0, -0.31367758, 0, 1, 0, 0.31367758, 0, 0.9495295, -2.5872855, -0.2908206, 7.1439075)

[node name="JunglePlant5" parent="Env" unique_id=1700372327 instance=ExtResource("7_6ii85")]
transform = Transform3D(-0.11452103, 0, -0.99342084, 0, 1, 0, 0.99342084, 0, -0.11452103, 1.2535801, -0.39384794, 6.710726)

[node name="JunglePlant7" parent="Env" unique_id=1791746543 instance=ExtResource("7_6ii85")]
transform = Transform3D(1.55776, 0, 0, 0, 1.55776, 0, 0, 0, 1.55776, 1.7242703, -0.34245634, 5.880873)

[node name="JunglePlant8" parent="Env" unique_id=636889200 instance=ExtResource("7_6ii85")]
transform = Transform3D(0.6471757, 0, -0.7623409, -0.20082752, 0.96467704, -0.17048895, 0.7354128, 0.26343533, 0.62431556, 4.53297, 0.45818818, 4.914645)

[node name="JunglePlant9" parent="Env" unique_id=790330576 instance=ExtResource("7_6ii85")]
transform = Transform3D(1, 0, 0, 0, 1, 0, 0, 0, 1, 6.255688, 0.49689913, 1.0528502)

[node name="JunglePlant3" parent="Env" unique_id=1913244525 instance=ExtResource("7_6ii85")]
transform = Transform3D(-0.86671877, -0.015783088, 1.0033947, -0.010317167, 1.3258969, 0.011944118, -1.0034659, 0, -0.86678016, -6.0726295, 0.49689913, 2.5790272)

[node name="JunglePlant_small" parent="Env" unique_id=1756843847 instance=ExtResource("8_ruf1u")]
transform = Transform3D(1, 0, 0, 0, 1, 0, 0, 0, 1, 4.846463, 0.4500005, 4.5955462)

[node name="JunglePlant_small2" parent="Env" unique_id=752051069 instance=ExtResource("8_ruf1u")]
transform = Transform3D(1, 0, 0, 0, 1, 0, 0, 0, 1, 3.6191664, 0.65608835, 5.1922464)

[node name="Stones" type="Node3D" parent="Env" unique_id=1877690948]

[node name="jungle_stone_01" parent="Env/Stones" unique_id=1734913509 instance=ExtResource("14_cxf2i")]
transform = Transform3D(0.6052861, 0.7564017, -0.24796213, -0.6999454, 0.6541074, 0.28674033, 0.37908474, 0, 0.925362, -5.686955, 0.06186235, 0.13277334)

[node name="jungle_stone_02" parent="Env/Stones" unique_id=155172310 instance=ExtResource("14_cxf2i")]
transform = Transform3D(0.3121582, -0.26953, -0.91099435, 0.36193928, 0.92033434, -0.14827247, 0.87838316, -0.28344023, 0.38484338, -5.686955, 0.05076945, -1.3356256)

[node name="jungle_stone_03" parent="Env/Stones" unique_id=1609020016 instance=ExtResource("14_cxf2i")]
transform = Transform3D(0.739126, -0.48585087, -1.2114629, 0.5429089, 1.3805014, -0.2224087, 1.1869891, -0.32888392, 0.8560912, -0.587031, 0.05076945, 6.1504383)

[node name="jungle_stone_07" parent="Env/Stones" unique_id=2102142162 instance=ExtResource("14_cxf2i")]
transform = Transform3D(0.739126, -0.48585087, -1.2114629, 0.5429089, 1.3805014, -0.2224087, 1.1869891, -0.32888392, 0.8560912, 6.171003, -0.5842416, 1.5865395)

[node name="jungle_stone_08" parent="Env/Stones" unique_id=1378512896 instance=ExtResource("14_cxf2i")]
transform = Transform3D(-1.1376028, 0.8814461, -0.4229818, 0.8390247, 1.2133126, 0.2718626, 0.50189495, -0.030413955, -1.413215, 5.8824425, -0.35784858, -0.099577904)

[node name="jungle_stone_04" parent="Env/Stones" unique_id=719619263 instance=ExtResource("14_cxf2i")]
transform = Transform3D(1, 0, 0, 0, 1, 0, 0, 0, 1, -5.1909614, -0.33970213, 5.434397)

[node name="jungle_stone_05" parent="Env/Stones" unique_id=765040582 instance=ExtResource("14_cxf2i")]
transform = Transform3D(0.65126145, 0.6888875, 0.31826502, -0.22685994, 0.57696706, -0.7846297, -0.72415, 0.4387974, 0.5320374, -6.4627337, 0.1032331, 4.793236)

[node name="jungle_stone_06" parent="Env/Stones" unique_id=1402131534 instance=ExtResource("14_cxf2i")]
transform = Transform3D(2, 0, 0, 0, 1.4772872, 1.3481923, 0, -1.3481923, 1.4772872, 5.33896, -1.454468, -8.714186)

[node name="Enemies" type="Node3D" parent="." unique_id=1090473868]
transform = Transform3D(1, 0, 0, 0, 1, 0, 0, 0, 1, 0, 0.5, 0)

[node name="LightmapGI" type="LightmapGI" parent="." unique_id=1450626193]
quality = 2
supersampling = true
supersampling_factor = 4.0
environment_mode = 3
environment_custom_color = Color(1, 0.80266666, 0.63, 1)
environment_custom_energy = 3.0

[node name="GraphicsSettingsComponentGlobalIllumination" type="Node" parent="LightmapGI" unique_id=1244511876]
script = ExtResource("12_h2kg2")
metadata/_custom_type_script = "uid://ce3uevtwoe7te"

[node name="Breakables" type="Node3D" parent="." unique_id=1453718420]
transform = Transform3D(1, 0, 0, 0, 1, 0, 0, 0, 1, 0, 0.5, 0)

[node name="Robot" type="Node3D" parent="." unique_id=9488913]
transform = Transform3D(1, 0, 0, 0, 1, 0, 0, 0, 1, 0, 0.5, 0)
