[gd_scene format=3 uid="uid://c5xjt0bq0sq3u"]

[ext_resource type="PackedScene" uid="uid://umtjixecg24" path="res://game/ui/upgrades/cards/card_base.tscn" id="1_y4mne"]
[ext_resource type="Texture2D" uid="uid://dpehrd4k88gse" path="res://assets/ui/UpgradeCards/Flower/flower_card_backdrop.png" id="2_86s8u"]
[ext_resource type="Texture2D" uid="uid://ckl73p505ndtl" path="res://assets/ui/UpgradeCards/Flower/flower_card_marker.png" id="3_7wfoe"]
[ext_resource type="Texture2D" uid="uid://qhoiv03s0pud" path="res://assets/ui/UpgradeCards/Flower/flower_card_clover.png" id="4_sutxf"]
[ext_resource type="Texture2D" uid="uid://yp46t4sq1vlh" path="res://assets/ui/UpgradeCards/Flower/flower_card_hanging_flower.png" id="5_4timh"]
[ext_resource type="Texture2D" uid="uid://ugavesj3jnoh" path="res://assets/ui/UpgradeCards/Flower/flower_card_moss.png" id="6_mwty3"]
[ext_resource type="Texture2D" uid="uid://bw36snq7e02oc" path="res://assets/ui/UpgradeCards/Flower/flower_card_pink_flower.png" id="7_1dre7"]
[ext_resource type="Texture2D" uid="uid://c1x7jdt3h1i3c" path="res://assets/ui/UpgradeCards/Flower/flower_card_purple_flower.png" id="8_43x5g"]

[node name="Upgrade Card" unique_id=1666743961 instance=ExtResource("1_y4mne")]

[node name="CardBack" parent="Card" parent_id_path=PackedInt32Array(1596175525) index="0" unique_id=122314553]
texture = ExtResource("2_86s8u")

[node name="Tag" parent="Card/CardBack" index="0" unique_id=1896575900]
texture = ExtResource("3_7wfoe")

[node name="Clovers" type="Sprite3D" parent="Card/Visuals" parent_id_path=PackedInt32Array(1008643825) index="0" unique_id=1699619563]
transform = Transform3D(1, 0, 0, 0, 1, 0, 0, 0, 1, -2.2742597e-06, 3.6356168e-06, 0.09991014)
sorting_offset = 5.0
texture = ExtResource("4_sutxf")

[node name="FlowersHangingTL" type="Sprite3D" parent="Card/Visuals" parent_id_path=PackedInt32Array(1008643825) index="1" unique_id=898321936]
transform = Transform3D(1, 3.9015094e-06, 3.3669858e-07, -3.9014863e-06, 0.9852022, 0.17139609, 3.3698416e-07, -0.17139609, 0.9852022, 1.6552444, 2.3173585, 0.24978073)
sorting_offset = 7.0
texture = ExtResource("5_4timh")

[node name="Moss" type="Sprite3D" parent="Card/Visuals" parent_id_path=PackedInt32Array(1008643825) index="2" unique_id=959445338]
transform = Transform3D(1, 0, 0, 0, 1, 0, 0, 0, 1, -1.2000573, -2.6401215, 0.052123286)
sorting_offset = 3.0
texture = ExtResource("6_mwty3")

[node name="FlowersBigBR" type="Sprite3D" parent="Card/Visuals" parent_id_path=PackedInt32Array(1008643825) index="3" unique_id=823151149]
transform = Transform3D(1, -3.349652e-06, 2.4793553e-07, 3.3496697e-06, 0.9891137, -0.14715345, 2.476845e-07, 0.14715345, 0.9891137, 1.0656246, -1.3308265, 0.36110696)
sorting_offset = 8.0
texture = ExtResource("7_1dre7")

[node name="FlowerBigL" type="Sprite3D" parent="Card/Visuals" parent_id_path=PackedInt32Array(1008643825) index="4" unique_id=1774633471]
transform = Transform3D(0.9940696, -3.9571237e-06, -0.10874543, 3.957122e-06, 1, -2.1580126e-07, 0.108745426, -2.1579763e-07, 0.9940697, -1.324203, 0.4392386, 0.12762918)
sorting_offset = 4.0
texture = ExtResource("8_43x5g")

[node name="Tracker" parent="Card" parent_id_path=PackedInt32Array(1596175525) index="4" unique_id=413882802]
visible = true
