[gd_scene format=3 uid="uid://cvbt5bpffucle"]

[ext_resource type="PackedScene" uid="uid://by41qcd1ukb23" path="res://assets/characters/enemies/bossbugger/BossBugger.glb" id="1_kivi1"]
[ext_resource type="Shader" uid="uid://5x2ftmf5e728" path="res://game/shared/lquid_shader/liquid_shader.gdshader" id="2_lvjto"]
[ext_resource type="Script" uid="uid://pxwowh6vn2b7" path="res://assets/characters/enemies/bossbugger/liquid_wobble.gd" id="3_vkxpk"]
[ext_resource type="Texture2D" uid="uid://dvtouo6w5iri0" path="res://assets/characters/enemies/bossbugger/wings.png" id="4_djlvw"]
[ext_resource type="PackedScene" uid="uid://cmvibss2u7woe" path="res://game/hitbox/hitbox.tscn" id="17_276u1"]

[sub_resource type="GDScript" id="GDScript_djlvw"]
script/source = "extends SoundRequester
@onready var mesh_instance_3d: MeshInstance3D = $Armature_001/Skeleton3D/BoneAttachment3D/MeshInstance3D

const FLUID_MIN: float = -0.45
const FLUID_MAX: float = 0.45

@export var fluid_level: float = 0.0:
	set(value):
		fluid_level = clampf(value, 0, 1)
		mesh_instance_3d.liquid_height = FLUID_MIN + fluid_level * (FLUID_MAX - FLUID_MIN)
"

[sub_resource type="Gradient" id="Gradient_vkxpk"]
colors = PackedColorArray(0.3272901, 0.11730001, 0.69, 1, 0.75333357, 0.26, 1, 1)

[sub_resource type="GradientTexture1D" id="GradientTexture1D_djlvw"]
gradient = SubResource("Gradient_vkxpk")

[sub_resource type="ShaderMaterial" id="ShaderMaterial_url60"]
render_priority = 0
shader = ExtResource("2_lvjto")
shader_parameter/liquid_height = 0.0
shader_parameter/liquid_surface_color = Color(0.8693332, 0.44, 1, 1)
shader_parameter/liquid_rim_gradient = SubResource("GradientTexture1D_djlvw")
shader_parameter/rim_emission_intensity = 0.814000038665
shader_parameter/rim_exponent = 3.0
shader_parameter/emission_intensity = 0.1
shader_parameter/liquid_surface_gradient_size = 0.1
shader_parameter/wobble = Vector2(-0.08723719, -0.048884287)

[sub_resource type="SphereMesh" id="SphereMesh_vkxpk"]
radius = 0.6

[sub_resource type="AtlasTexture" id="AtlasTexture_url60"]
atlas = ExtResource("4_djlvw")
region = Rect2(0, 0, 128, 64)

[sub_resource type="AtlasTexture" id="AtlasTexture_tuq3u"]
atlas = ExtResource("4_djlvw")
region = Rect2(128, 0, 128, 64)

[sub_resource type="AtlasTexture" id="AtlasTexture_r72m3"]
atlas = ExtResource("4_djlvw")
region = Rect2(256, 0, 128, 64)

[sub_resource type="AtlasTexture" id="AtlasTexture_ir37v"]
atlas = ExtResource("4_djlvw")
region = Rect2(0, 64, 128, 64)

[sub_resource type="AtlasTexture" id="AtlasTexture_w4i13"]
atlas = ExtResource("4_djlvw")
region = Rect2(128, 64, 128, 64)

[sub_resource type="AtlasTexture" id="AtlasTexture_gch53"]
atlas = ExtResource("4_djlvw")
region = Rect2(256, 64, 128, 64)

[sub_resource type="SpriteFrames" id="SpriteFrames_dfjp2"]
animations = [{
"frames": [{
"duration": 1.0,
"texture": SubResource("AtlasTexture_url60")
}, {
"duration": 1.0,
"texture": SubResource("AtlasTexture_tuq3u")
}, {
"duration": 1.0,
"texture": SubResource("AtlasTexture_r72m3")
}, {
"duration": 1.0,
"texture": SubResource("AtlasTexture_ir37v")
}, {
"duration": 1.0,
"texture": SubResource("AtlasTexture_w4i13")
}, {
"duration": 1.0,
"texture": SubResource("AtlasTexture_gch53")
}],
"loop": true,
"name": &"wings",
"speed": 30.0
}]

[sub_resource type="AnimationNodeAnimation" id="AnimationNodeAnimation_r3oyg"]
animation = &"refill"

[sub_resource type="AnimationNodeAnimation" id="AnimationNodeAnimation_dm0ti"]
animation = &"shoot"

[sub_resource type="AnimationNodeAnimation" id="AnimationNodeAnimation_beay7"]
animation = &"slash"

[sub_resource type="AnimationNodeAnimation" id="AnimationNodeAnimation_s05r0"]
animation = &"idle"

[sub_resource type="AnimationNodeAnimation" id="AnimationNodeAnimation_58bqb"]
animation = &"bombaaa"

[sub_resource type="AnimationNodeOneShot" id="AnimationNodeOneShot_a7cts"]
fadein_time = 0.1
fadeout_time = 0.5

[sub_resource type="AnimationNodeOneShot" id="AnimationNodeOneShot_beay7"]
fadein_time = 0.1
fadeout_time = 0.1

[sub_resource type="AnimationNodeOneShot" id="AnimationNodeOneShot_58bqb"]
fadein_time = 0.2
fadeout_time = 0.5

[sub_resource type="AnimationNodeOneShot" id="AnimationNodeOneShot_h430l"]
fadein_time = 0.1
fadeout_time = 0.2

[sub_resource type="AnimationNodeBlendTree" id="AnimationNodeBlendTree_h430l"]
nodes/output/position = Vector2(1140, 100)
nodes/Animation/node = SubResource("AnimationNodeAnimation_s05r0")
nodes/Animation/position = Vector2(-280, 100)
nodes/Suck/node = SubResource("AnimationNodeOneShot_58bqb")
nodes/Suck/position = Vector2(0, 100)
"nodes/Animation 2/node" = SubResource("AnimationNodeAnimation_r3oyg")
"nodes/Animation 2/position" = Vector2(0, 380)
nodes/Salve/node = SubResource("AnimationNodeOneShot_beay7")
nodes/Salve/position = Vector2(280, 100)
"nodes/Animation 3/node" = SubResource("AnimationNodeAnimation_dm0ti")
"nodes/Animation 3/position" = Vector2(280, 400)
nodes/hit/node = SubResource("AnimationNodeOneShot_h430l")
nodes/hit/position = Vector2(540, 100)
"nodes/Animation 4/node" = SubResource("AnimationNodeAnimation_beay7")
"nodes/Animation 4/position" = Vector2(500, 420)
nodes/Boom/node = SubResource("AnimationNodeOneShot_a7cts")
nodes/Boom/position = Vector2(920, 80)
nodes/Bomba/node = SubResource("AnimationNodeAnimation_58bqb")
nodes/Bomba/position = Vector2(800, 440)
node_connections = [&"output", 0, &"Boom", &"Suck", 0, &"Animation", &"Suck", 1, &"Animation 2", &"Salve", 0, &"Suck", &"Salve", 1, &"Animation 3", &"hit", 0, &"Salve", &"hit", 1, &"Animation 4", &"Boom", 0, &"hit", &"Boom", 1, &"Bomba"]

[sub_resource type="BoxShape3D" id="BoxShape3D_tuq3u"]
size = Vector3(0, 0, 0)

[node name="BossBugger" unique_id=115462333 instance=ExtResource("1_kivi1")]
script = SubResource("GDScript_djlvw")

[node name="Skeleton3D" parent="Armature_001" index="0"]
bones/0/position = Vector3(1.5046328e-36, 1.2448548, -4.316638e-22)
bones/0/rotation = Quaternion(0.9952271, -4.513478e-09, -4.5477474e-08, 0.0975864)
bones/1/rotation = Quaternion(1, 2.220446e-16, -7.54979e-08, -2.0866981e-22)
bones/1/scale = Vector3(1.0251662, 0.9515125, 1.0251662)
bones/4/rotation = Quaternion(0.122083224, 4.5353765e-08, -5.5786633e-09, 0.9925199)
bones/5/rotation = Quaternion(-0.34941214, 1.228108e-09, 4.9204875e-08, 0.93696916)
bones/6/rotation = Quaternion(-0.19935524, 6.4654033e-09, 1.3163234e-09, 0.97992736)
bones/6/scale = Vector3(0.9070117, 1.2155539, 0.90701133)
bones/7/rotation = Quaternion(-0.20394832, -1.5503374e-14, -3.5664614e-15, 0.9789816)
bones/7/scale = Vector3(1.3401752, 1.0590456, 1.2940159)
bones/8/rotation = Quaternion(-0.19935527, -1.4907917e-14, 3.6986903e-14, 0.97992736)
bones/8/scale = Vector3(1.0000002, 0.99999964, 1)
bones/9/rotation = Quaternion(-0.36029273, 7.1016513e-16, -5.2758626e-14, 0.9328394)
bones/9/scale = Vector3(1.0000005, 0.99999946, 1.0000004)
bones/10/rotation = Quaternion(-0.36029288, -2.089326e-14, 1.8182899e-14, 0.93283933)
bones/10/scale = Vector3(0.9999994, 1.0000004, 0.99999976)
bones/11/rotation = Quaternion(-0.36029255, -3.8436174e-15, -1.0015529e-17, 0.93283945)
bones/11/scale = Vector3(1.0000002, 0.99999917, 1.0000006)
bones/12/rotation = Quaternion(-0.36029297, 1.6577158e-14, 8.590058e-08, 0.9328393)
bones/12/scale = Vector3(0.9999996, 1.0000002, 0.9999995)
bones/13/rotation = Quaternion(-0.4374548, 5.1113393e-14, -1.0974617e-08, 0.89924043)
bones/13/scale = Vector3(0.99999994, 1, 0.99999976)
bones/14/rotation = Quaternion(-0.43745545, -6.633209e-09, -1.4201417e-08, 0.8992401)
bones/14/scale = Vector3(0.99999994, 1.0000005, 0.9999996)
bones/15/rotation = Quaternion(-0.43745488, -6.6332237e-09, -1.4201338e-08, 0.8992404)
bones/15/scale = Vector3(1, 0.9999997, 1)
bones/16/rotation = Quaternion(-0.43745536, -6.633193e-09, -1.4201427e-08, 0.89924014)
bones/16/scale = Vector3(0.9999997, 1.0000005, 1.0000001)
bones/17/rotation = Quaternion(0.7368056, -0.00026605296, 0.00019513552, 0.6761046)
bones/18/rotation = Quaternion(0.6697367, 0.19849838, 0.20334171, 0.68607825)
bones/19/rotation = Quaternion(-0.5252091, 0.5668122, -0.46558118, -0.4314088)
bones/22/rotation = Quaternion(-0.3989695, 0.66177344, -0.54358274, -0.327715)
bones/25/rotation = Quaternion(0.7368056, 0.00026611466, -0.00019520297, 0.6761046)
bones/26/rotation = Quaternion(0.67148805, -0.17685577, -0.1832776, 0.69587016)
bones/27/rotation = Quaternion(0.31991252, -0.70182693, 0.21286702, 0.59981877)
bones/27/scale = Vector3(0.9999999, 0.9999999, 0.99999994)
bones/28/rotation = Quaternion(-1.8217108e-07, 0.05361173, -0.053510725, 0.9971271)
bones/29/rotation = Quaternion(0.35895163, -0.015417081, 0.03462344, 0.9325863)
bones/30/rotation = Quaternion(-0.011062886, 0.88252, -0.4687451, 0.036250256)
bones/31/rotation = Quaternion(0.5252091, 0.56681216, -0.46558118, 0.43140873)
bones/34/rotation = Quaternion(0.3989695, 0.6617734, -0.54358286, 0.32771498)

[node name="BoneAttachment3D" type="BoneAttachment3D" parent="Armature_001/Skeleton3D" index="0" unique_id=160595167]
transform = Transform3D(1.0251662, 1.0267402e-10, 2.4442946e-07, -4.7586802e-08, 0.93338966, 0.19912955, -2.397525e-07, -0.18482296, 1.0056405, -2.786502e-13, 1.2423216, 0.0005015968)
bone_name = "DEF_FLUID"
bone_idx = 2

[node name="MeshInstance3D" type="MeshInstance3D" parent="Armature_001/Skeleton3D/BoneAttachment3D" index="0" unique_id=450284212]
transform = Transform3D(1, -6.208427e-08, 8.1328295e-09, 6.183289e-08, 0.95868754, -0.28446186, 9.863726e-09, 0.28446168, 0.95868754, 7.614165e-09, 0.5802684, -0.009195534)
layers = 2
material_override = SubResource("ShaderMaterial_url60")
mesh = SubResource("SphereMesh_vkxpk")
script = ExtResource("3_vkxpk")
liquid_height = 0.0

[node name="Bugger" parent="Armature_001/Skeleton3D" index="1"]
layers = 2

[node name="BoneAttachment3D2" type="BoneAttachment3D" parent="Armature_001/Skeleton3D" index="2" unique_id=525651175]
transform = Transform3D(-0.076083876, -0.99710155, -5.483843e-07, 2.9802322e-08, -6.072223e-07, 0.9999999, -0.9971015, 0.07608381, 2.9802322e-08, -0.24529767, 1.2445481, -0.0015477174)
bone_name = "DEF_FRONTWING.L"
bone_idx = 19

[node name="AnimatedSprite3D" type="AnimatedSprite3D" parent="Armature_001/Skeleton3D/BoneAttachment3D2" index="0" unique_id=256235536]
transform = Transform3D(0.1124437, -0.86069745, 0.49654457, 0.99343705, 0.10792635, -0.037889056, -0.020979252, 0.4975459, 0.8671841, 0.062692575, 0.8214551, 0.17844987)
layers = 2
sprite_frames = SubResource("SpriteFrames_dfjp2")
animation = &"wings"
autoplay = "wings"
frame_progress = 0.7738692

[node name="BoneAttachment3D3" type="BoneAttachment3D" parent="Armature_001/Skeleton3D" index="3" unique_id=2129402415]
transform = Transform3D(-0.4668526, -0.8843352, -3.0996569e-07, -1.4901161e-08, -2.3841858e-07, 1, -0.8843351, 0.46685255, 2.5331974e-07, -0.13967305, 1.187116, 0.1328728)
bone_name = "DEF_BACKWING.L"
bone_idx = 22

[node name="AnimatedSprite3D" type="AnimatedSprite3D" parent="Armature_001/Skeleton3D/BoneAttachment3D3" index="0" unique_id=451387894]
transform = Transform3D(0.112443715, -0.86069757, 0.4965446, 0.9934372, 0.1079264, -0.03788905, -0.020979252, 0.4975459, 0.86718404, 0.085815355, 0.9607185, 0.17260218)
layers = 2
sprite_frames = SubResource("SpriteFrames_dfjp2")
animation = &"wings"
autoplay = "wings"
frame_progress = 0.7801252

[node name="BoneAttachment3D4" type="BoneAttachment3D" parent="Armature_001/Skeleton3D" index="4" unique_id=1002716327]
transform = Transform3D(-0.07608382, 0.9971018, 4.6489475e-07, -2.9802322e-08, -3.920868e-07, 1.0000002, 0.9971016, 0.07608368, 2.3841858e-07, 0.24529767, 1.2445481, -0.0015477174)
bone_name = "DEF_FRONTWING.R"
bone_idx = 31

[node name="AnimatedSprite3D" type="AnimatedSprite3D" parent="Armature_001/Skeleton3D/BoneAttachment3D4" index="0" unique_id=1854702827]
transform = Transform3D(-0.17642894, 0.91023165, 0.37463757, 0.9834348, 0.14691877, 0.10617274, 0.041600414, 0.38716334, -0.92107224, -0.10956442, 0.7491533, 0.208817)
layers = 2
sprite_frames = SubResource("SpriteFrames_dfjp2")
animation = &"wings"
autoplay = "wings"
frame_progress = 0.26568833

[node name="BoneAttachment3D5" type="BoneAttachment3D" parent="Armature_001/Skeleton3D" index="5" unique_id=831899753]
transform = Transform3D(-0.4668523, 0.8843354, 1.6687143e-07, 7.4505806e-08, -1.3411045e-07, 0.9999998, 0.88433504, 0.4668525, -8.940697e-08, 0.13967305, 1.187116, 0.13287282)
bone_name = "DEF_BACKWING.R"
bone_idx = 34

[node name="AnimatedSprite3D" type="AnimatedSprite3D" parent="Armature_001/Skeleton3D/BoneAttachment3D5" index="0" unique_id=603471587]
transform = Transform3D(0.02324143, 0.9017, 0.43173987, 0.99260414, 0.030659795, -0.11746749, -0.11915756, 0.43127665, -0.89431685, 0.032096498, 0.8236661, 0.119693875)
layers = 2
sprite_frames = SubResource("SpriteFrames_dfjp2")
animation = &"wings"
autoplay = "wings"
frame_progress = 0.36893052

[node name="AnimationTree" type="AnimationTree" parent="." index="2" unique_id=2094387608]
tree_root = SubResource("AnimationNodeBlendTree_h430l")
anim_player = NodePath("../AnimationPlayer")
parameters/Suck/active = false
parameters/Suck/internal_active = false
parameters/Suck/request = 0
parameters/Salve/active = false
parameters/Salve/internal_active = false
parameters/Salve/request = 0
parameters/hit/active = false
parameters/hit/internal_active = false
parameters/hit/request = 0
parameters/Boom/active = false
parameters/Boom/internal_active = false
parameters/Boom/request = 0

[node name="Hitbox" parent="." index="3" unique_id=1487308577 instance=ExtResource("17_276u1")]
collision_layer = 32
collision_mask = 8
damage = 125.0
attached_to = 6
can_hit = 4

[node name="CollisionShape3D" type="CollisionShape3D" parent="Hitbox" index="0" unique_id=1905568893]
shape = SubResource("BoxShape3D_tuq3u")
debug_color = Color(13.1910305, 0, 0, 1)
