[gd_scene load_steps=31 format=3 uid="uid://cvbt5bpffucle"]

[ext_resource type="PackedScene" uid="uid://by41qcd1ukb23" path="res://assets/characters/enemies/bossbugger/BossBugger.glb" id="1_kivi1"]
[ext_resource type="Shader" uid="uid://5x2ftmf5e728" path="res://game/shared/lquid_shader/liquid_shader.gdshader" id="2_lvjto"]
[ext_resource type="Script" uid="uid://pxwowh6vn2b7" path="res://assets/characters/enemies/bossbugger/liquid_wobble.gd" id="3_vkxpk"]
[ext_resource type="Texture2D" uid="uid://dvtouo6w5iri0" path="res://assets/characters/enemies/bossbugger/wings.png" id="4_djlvw"]
[ext_resource type="Script" uid="uid://bb6m3hglcrhmq" path="res://game/hitbox/hitbox.gd" id="5_url60"]

[sub_resource type="GDScript" id="GDScript_djlvw"]
script/source = "extends Node3D
@onready var mesh_instance_3d: MeshInstance3D = $Armature_001/Skeleton3D/BoneAttachment3D/MeshInstance3D

const FLUID_MIN: float = -0.45
const FLUID_MAX: float = 0.45

@export var fluid_level: float = 0.0:
	set(value):
		fluid_level = clampf(value, 0, 1)
		mesh_instance_3d.liquid_height = FLUID_MIN + fluid_level * (FLUID_MAX - FLUID_MIN)
"

[sub_resource type="Gradient" id="Gradient_vkxpk"]
colors = PackedColorArray(0.3272901, 0.11730001, 0.69, 1, 0.75333357, 0.26, 1, 1)

[sub_resource type="GradientTexture1D" id="GradientTexture1D_djlvw"]
gradient = SubResource("Gradient_vkxpk")

[sub_resource type="ShaderMaterial" id="ShaderMaterial_url60"]
render_priority = 0
shader = ExtResource("2_lvjto")
shader_parameter/liquid_height = 0.0
shader_parameter/liquid_surface_color = Color(0.8693332, 0.44, 1, 1)
shader_parameter/liquid_rim_gradient = SubResource("GradientTexture1D_djlvw")
shader_parameter/rim_emission_intensity = 0.814000038665
shader_parameter/rim_exponent = 3.0
shader_parameter/emission_intensity = 0.1
shader_parameter/liquid_surface_gradient_size = 0.1
shader_parameter/wobble = Vector2(-0.08029435, 0.05960552)

[sub_resource type="SphereMesh" id="SphereMesh_vkxpk"]
radius = 0.6

[sub_resource type="AtlasTexture" id="AtlasTexture_url60"]
atlas = ExtResource("4_djlvw")
region = Rect2(0, 0, 128, 64)

[sub_resource type="AtlasTexture" id="AtlasTexture_tuq3u"]
atlas = ExtResource("4_djlvw")
region = Rect2(128, 0, 128, 64)

[sub_resource type="AtlasTexture" id="AtlasTexture_r72m3"]
atlas = ExtResource("4_djlvw")
region = Rect2(256, 0, 128, 64)

[sub_resource type="AtlasTexture" id="AtlasTexture_ir37v"]
atlas = ExtResource("4_djlvw")
region = Rect2(0, 64, 128, 64)

[sub_resource type="AtlasTexture" id="AtlasTexture_w4i13"]
atlas = ExtResource("4_djlvw")
region = Rect2(128, 64, 128, 64)

[sub_resource type="AtlasTexture" id="AtlasTexture_gch53"]
atlas = ExtResource("4_djlvw")
region = Rect2(256, 64, 128, 64)

[sub_resource type="SpriteFrames" id="SpriteFrames_dfjp2"]
animations = [{
"frames": [{
"duration": 1.0,
"texture": SubResource("AtlasTexture_url60")
}, {
"duration": 1.0,
"texture": SubResource("AtlasTexture_tuq3u")
}, {
"duration": 1.0,
"texture": SubResource("AtlasTexture_r72m3")
}, {
"duration": 1.0,
"texture": SubResource("AtlasTexture_ir37v")
}, {
"duration": 1.0,
"texture": SubResource("AtlasTexture_w4i13")
}, {
"duration": 1.0,
"texture": SubResource("AtlasTexture_gch53")
}],
"loop": true,
"name": &"wings",
"speed": 30.0
}]

[sub_resource type="AnimationNodeAnimation" id="AnimationNodeAnimation_vkxpk"]
animation = &"idle"

[sub_resource type="AnimationNodeAnimation" id="AnimationNodeAnimation_djlvw"]
animation = &"refill"

[sub_resource type="AnimationNodeAnimation" id="AnimationNodeAnimation_url60"]
animation = &"shoot"

[sub_resource type="AnimationNodeAnimation" id="AnimationNodeAnimation_tuq3u"]
animation = &"slash"

[sub_resource type="AnimationNodeStateMachineTransition" id="AnimationNodeStateMachineTransition_djlvw"]
advance_mode = 2

[sub_resource type="AnimationNodeStateMachineTransition" id="AnimationNodeStateMachineTransition_url60"]
xfade_time = 0.15
advance_mode = 2
advance_condition = &"REFILL"

[sub_resource type="AnimationNodeStateMachineTransition" id="AnimationNodeStateMachineTransition_tuq3u"]
xfade_time = 0.5
switch_mode = 2
advance_mode = 2

[sub_resource type="AnimationNodeStateMachineTransition" id="AnimationNodeStateMachineTransition_r72m3"]
xfade_time = 0.1
advance_mode = 2
advance_condition = &"idle"

[sub_resource type="AnimationNodeStateMachineTransition" id="AnimationNodeStateMachineTransition_ir37v"]
xfade_time = 0.1
advance_mode = 2
advance_condition = &"shoot"

[sub_resource type="AnimationNodeStateMachineTransition" id="AnimationNodeStateMachineTransition_w4i13"]
xfade_time = 0.1
switch_mode = 2
advance_mode = 2

[sub_resource type="AnimationNodeStateMachineTransition" id="AnimationNodeStateMachineTransition_gch53"]
xfade_time = 0.1
advance_mode = 2
advance_condition = &"melee"

[sub_resource type="AnimationNodeStateMachine" id="AnimationNodeStateMachine_url60"]
states/Start/position = Vector2(212, 100)
states/idle/node = SubResource("AnimationNodeAnimation_vkxpk")
states/idle/position = Vector2(407, 101)
states/refill/node = SubResource("AnimationNodeAnimation_djlvw")
states/refill/position = Vector2(407, 242)
states/shoot/node = SubResource("AnimationNodeAnimation_url60")
states/shoot/position = Vector2(551, 21)
states/slash/node = SubResource("AnimationNodeAnimation_tuq3u")
states/slash/position = Vector2(532, 150)
transitions = ["Start", "idle", SubResource("AnimationNodeStateMachineTransition_djlvw"), "idle", "refill", SubResource("AnimationNodeStateMachineTransition_url60"), "refill", "idle", SubResource("AnimationNodeStateMachineTransition_tuq3u"), "shoot", "idle", SubResource("AnimationNodeStateMachineTransition_r72m3"), "idle", "shoot", SubResource("AnimationNodeStateMachineTransition_ir37v"), "slash", "idle", SubResource("AnimationNodeStateMachineTransition_w4i13"), "idle", "slash", SubResource("AnimationNodeStateMachineTransition_gch53")]
graph_offset = Vector2(80, 40)

[sub_resource type="BoxShape3D" id="BoxShape3D_tuq3u"]
size = Vector3(1.2182722, 1.1872559, 1.8353877)

[node name="BossBugger" instance=ExtResource("1_kivi1")]
script = SubResource("GDScript_djlvw")

[node name="Skeleton3D" parent="Armature_001" index="0"]
bones/0/position = Vector3(1.5046328e-36, 1.2314737, -3.7244668e-22)
bones/0/rotation = Quaternion(0.9991261, 1.9100639e-09, -4.5655653e-08, 0.04179977)
bones/1/rotation = Quaternion(1, 2.220446e-16, -7.54979e-08, -2.0866981e-22)
bones/1/scale = Vector3(1.0246447, 0.9524843, 1.0246447)
bones/4/rotation = Quaternion(0.122083224, 4.5353765e-08, -5.5786633e-09, 0.9925199)
bones/5/rotation = Quaternion(-0.3385618, 2.052471e-09, 3.61954e-08, 0.9409442)
bones/6/rotation = Quaternion(-0.13283843, 4.268431e-09, 5.768495e-10, 0.9911377)
bones/6/scale = Vector3(0.9070117, 1.215554, 0.9070114)
bones/7/rotation = Quaternion(-0.13724789, -1.2742946e-14, 1.5485206e-14, 0.9905368)
bones/7/scale = Vector3(1.3401752, 1.0272734, 1.3193828)
bones/8/rotation = Quaternion(-0.13283847, -8.062281e-17, 8.195836e-15, 0.9911377)
bones/8/scale = Vector3(0.99999994, 0.99999994, 1)
bones/9/rotation = Quaternion(-0.31817517, -5.4715923e-15, -1.9081896e-14, 0.948032)
bones/9/scale = Vector3(1.0000001, 0.99999994, 1)
bones/10/rotation = Quaternion(-0.31817517, -1.1178847e-14, -2.3855033e-14, 0.948032)
bones/10/scale = Vector3(1.0000002, 0.9999996, 1.0000002)
bones/11/rotation = Quaternion(-0.31817505, -1.7081146e-14, -1.4770352e-14, 0.948032)
bones/11/scale = Vector3(1, 0.99999946, 1.0000002)
bones/12/rotation = Quaternion(-0.31817517, -7.907159e-15, 7.585891e-08, 0.948032)
bones/12/scale = Vector3(0.99999994, 1, 1)
bones/13/rotation = Quaternion(-0.4374547, 9.383135e-15, -1.0974611e-08, 0.89924043)
bones/13/scale = Vector3(0.99999964, 1.0000006, 0.9999998)
bones/14/rotation = Quaternion(-0.4374554, -6.6332535e-09, -1.4201278e-08, 0.89924014)
bones/14/scale = Vector3(1, 1, 0.99999946)
bones/15/rotation = Quaternion(-0.43745503, -6.6331403e-09, -1.42014445e-08, 0.89924026)
bones/15/scale = Vector3(1.0000002, 0.9999996, 1.0000001)
bones/16/rotation = Quaternion(-0.43745545, -6.6332166e-09, -1.4201356e-08, 0.8992401)
bones/16/scale = Vector3(0.9999999, 1.0000002, 1.0000002)
bones/17/rotation = Quaternion(0.90845007, -0.00044212223, 0.0007815169, 0.41799253)
bones/18/rotation = Quaternion(0.6697367, 0.19849838, 0.20334171, 0.68607825)
bones/19/rotation = Quaternion(-0.50027174, 0.5398994, -0.49653843, -0.46009386)
bones/22/rotation = Quaternion(-0.3800261, 0.6303519, -0.5797264, -0.3495053)
bones/25/rotation = Quaternion(0.9084501, 0.00044216728, -0.0007815965, 0.4179925)
bones/26/rotation = Quaternion(0.67148805, -0.17685577, -0.1832776, 0.69587016)
bones/27/rotation = Quaternion(0.28588194, -0.6888301, 0.25176692, 0.61676425)
bones/27/scale = Vector3(0.9999999, 0.9999999, 0.99999994)
bones/28/rotation = Quaternion(-1.8217108e-07, 0.05361173, -0.053510725, 0.9971271)
bones/29/rotation = Quaternion(0.35895163, -0.015417081, 0.03462344, 0.9325863)
bones/30/rotation = Quaternion(-0.011062886, 0.88252, -0.4687451, 0.036250256)
bones/31/rotation = Quaternion(0.5002717, 0.5398995, -0.49653843, 0.46009377)
bones/34/rotation = Quaternion(0.38002604, 0.6303519, -0.5797265, 0.34950534)

[node name="BoneAttachment3D" type="BoneAttachment3D" parent="Armature_001/Skeleton3D" index="0"]
transform = Transform3D(1.0246447, -7.2708635e-09, 2.439671e-07, -1.2583336e-08, 0.9491559, 0.08558496, -2.4376791e-07, -0.07955764, 1.0210643, 1.973262e-11, 1.2288977, 0.00021591393)
bone_name = "DEF_FLUID"
bone_idx = 2

[node name="MeshInstance3D" type="MeshInstance3D" parent="Armature_001/Skeleton3D/BoneAttachment3D" index="0"]
transform = Transform3D(1, -6.208427e-08, 8.1328295e-09, 6.183289e-08, 0.95868754, -0.28446186, 9.863726e-09, 0.28446168, 0.95868754, 7.614165e-09, 0.5802684, -0.009195534)
material_override = SubResource("ShaderMaterial_url60")
mesh = SubResource("SphereMesh_vkxpk")
script = ExtResource("3_vkxpk")
liquid_height = 0.0

[node name="backwings" parent="Armature_001/Skeleton3D" index="1"]
visible = false

[node name="frontwings" parent="Armature_001/Skeleton3D" index="14"]
visible = false

[node name="HullInside" parent="Armature_001/Skeleton3D" index="15"]
visible = false

[node name="BoneAttachment3D2" type="BoneAttachment3D" parent="Armature_001/Skeleton3D" index="16"]
transform = Transform3D(-0.07608364, -0.99710155, -5.066395e-07, -6.7055225e-08, -5.8999285e-07, 1, -0.99710155, 0.07608373, -8.940697e-08, -0.24529767, 1.2313416, -0.0015722818)
bone_name = "DEF_FRONTWING.L"
bone_idx = 19

[node name="AnimatedSprite3D" type="AnimatedSprite3D" parent="Armature_001/Skeleton3D/BoneAttachment3D2" index="0"]
transform = Transform3D(0.1124437, -0.86069745, 0.49654457, 0.99343705, 0.10792635, -0.037889056, -0.020979252, 0.4975459, 0.8671841, 0.062692575, 0.8214551, 0.17844987)
sprite_frames = SubResource("SpriteFrames_dfjp2")
animation = &"wings"
autoplay = "wings"
frame_progress = 0.7738692

[node name="BoneAttachment3D3" type="BoneAttachment3D" parent="Armature_001/Skeleton3D" index="17"]
transform = Transform3D(-0.4668525, -0.8843352, -3.2782552e-07, 4.4703484e-08, -3.7625432e-07, 1.0000001, -0.8843352, 0.46685252, 2.6077032e-07, -0.13967305, 1.1592636, 0.1255972)
bone_name = "DEF_BACKWING.L"
bone_idx = 22

[node name="AnimatedSprite3D" type="AnimatedSprite3D" parent="Armature_001/Skeleton3D/BoneAttachment3D3" index="0"]
transform = Transform3D(0.112443715, -0.86069757, 0.4965446, 0.9934372, 0.1079264, -0.03788905, -0.020979252, 0.4975459, 0.86718404, 0.085815355, 0.9607185, 0.17260218)
sprite_frames = SubResource("SpriteFrames_dfjp2")
animation = &"wings"
autoplay = "wings"
frame_progress = 0.7801252

[node name="BoneAttachment3D4" type="BoneAttachment3D" parent="Armature_001/Skeleton3D" index="18"]
transform = Transform3D(-0.07608382, 0.9971017, 5.662442e-07, -7.4505806e-08, -5.676411e-07, 1.0000002, 0.99710166, 0.076083824, 1.3411045e-07, 0.24529767, 1.2313416, -0.0015722819)
bone_name = "DEF_FRONTWING.R"
bone_idx = 31

[node name="AnimatedSprite3D" type="AnimatedSprite3D" parent="Armature_001/Skeleton3D/BoneAttachment3D4" index="0"]
transform = Transform3D(-0.17642894, 0.91023165, 0.37463757, 0.9834348, 0.14691877, 0.10617274, 0.041600414, 0.38716334, -0.92107224, -0.10956442, 0.7491533, 0.208817)
sprite_frames = SubResource("SpriteFrames_dfjp2")
animation = &"wings"
autoplay = "wings"
frame_progress = 0.26568833

[node name="BoneAttachment3D5" type="BoneAttachment3D" parent="Armature_001/Skeleton3D" index="19"]
transform = Transform3D(-0.46685243, 0.8843354, 3.5762784e-07, 1.5646219e-07, -3.6507845e-07, 1, 0.8843352, 0.46685255, 2.2351742e-08, 0.13967305, 1.1592636, 0.12559721)
bone_name = "DEF_BACKWING.R"
bone_idx = 34

[node name="AnimatedSprite3D" type="AnimatedSprite3D" parent="Armature_001/Skeleton3D/BoneAttachment3D5" index="0"]
transform = Transform3D(0.02324143, 0.9017, 0.43173987, 0.99260414, 0.030659795, -0.11746749, -0.11915756, 0.43127665, -0.89431685, 0.032096498, 0.8236661, 0.119693875)
sprite_frames = SubResource("SpriteFrames_dfjp2")
animation = &"wings"
autoplay = "wings"
frame_progress = 0.36893052

[node name="AnimationTree" type="AnimationTree" parent="." index="2"]
tree_root = SubResource("AnimationNodeStateMachine_url60")
anim_player = NodePath("../AnimationPlayer")
parameters/conditions/REFILL = false
parameters/conditions/idle = false
parameters/conditions/melee = false
parameters/conditions/shoot = false

[node name="HitBox" type="Area3D" parent="." index="3"]
collision_layer = 33
collision_mask = 9
script = ExtResource("5_url60")
damage = 2.0
attached_to = 6
can_hit = 4
metadata/_custom_type_script = "uid://bb6m3hglcrhmq"

[node name="CollisionShape3D" type="CollisionShape3D" parent="HitBox" index="0"]
transform = Transform3D(1, 0, 0, 0, 1, 0, 0, 0, 1, -1.8337402, 0.5472412, 0.7734375)
shape = SubResource("BoxShape3D_tuq3u")
disabled = true
debug_color = Color(13.1910305, 0, 0, 1)
