[gd_scene format=3 uid="uid://cvbt5bpffucle"]

[ext_resource type="PackedScene" uid="uid://by41qcd1ukb23" path="res://assets/characters/enemies/bossbugger/BossBugger.glb" id="1_kivi1"]
[ext_resource type="Shader" uid="uid://5x2ftmf5e728" path="res://game/shared/lquid_shader/liquid_shader.gdshader" id="2_lvjto"]
[ext_resource type="Script" uid="uid://pxwowh6vn2b7" path="res://assets/characters/enemies/bossbugger/liquid_wobble.gd" id="3_vkxpk"]
[ext_resource type="Texture2D" uid="uid://dvtouo6w5iri0" path="res://assets/characters/enemies/bossbugger/wings.png" id="4_djlvw"]
[ext_resource type="PackedScene" uid="uid://cmvibss2u7woe" path="res://game/hitbox/hitbox.tscn" id="17_276u1"]

[sub_resource type="GDScript" id="GDScript_djlvw"]
script/source = "extends SoundRequester
@onready var mesh_instance_3d: MeshInstance3D = $Armature_001/Skeleton3D/BoneAttachment3D/MeshInstance3D

const FLUID_MIN: float = -0.45
const FLUID_MAX: float = 0.45

@export var fluid_level: float = 0.0:
	set(value):
		fluid_level = clampf(value, 0, 1)
		mesh_instance_3d.liquid_height = FLUID_MIN + fluid_level * (FLUID_MAX - FLUID_MIN)
"

[sub_resource type="Gradient" id="Gradient_vkxpk"]
colors = PackedColorArray(0.3272901, 0.11730001, 0.69, 1, 0.75333357, 0.26, 1, 1)

[sub_resource type="GradientTexture1D" id="GradientTexture1D_djlvw"]
gradient = SubResource("Gradient_vkxpk")

[sub_resource type="ShaderMaterial" id="ShaderMaterial_url60"]
render_priority = 0
shader = ExtResource("2_lvjto")
shader_parameter/liquid_height = 0.0
shader_parameter/liquid_surface_color = Color(0.8693332, 0.44, 1, 1)
shader_parameter/liquid_rim_gradient = SubResource("GradientTexture1D_djlvw")
shader_parameter/rim_emission_intensity = 0.814000038665
shader_parameter/rim_exponent = 3.0
shader_parameter/emission_intensity = 0.1
shader_parameter/liquid_surface_gradient_size = 0.1
shader_parameter/wobble = Vector2(0.098046355, 0.019670095)

[sub_resource type="SphereMesh" id="SphereMesh_vkxpk"]
radius = 0.6

[sub_resource type="AtlasTexture" id="AtlasTexture_url60"]
atlas = ExtResource("4_djlvw")
region = Rect2(0, 0, 128, 64)

[sub_resource type="AtlasTexture" id="AtlasTexture_tuq3u"]
atlas = ExtResource("4_djlvw")
region = Rect2(128, 0, 128, 64)

[sub_resource type="AtlasTexture" id="AtlasTexture_r72m3"]
atlas = ExtResource("4_djlvw")
region = Rect2(256, 0, 128, 64)

[sub_resource type="AtlasTexture" id="AtlasTexture_ir37v"]
atlas = ExtResource("4_djlvw")
region = Rect2(0, 64, 128, 64)

[sub_resource type="AtlasTexture" id="AtlasTexture_w4i13"]
atlas = ExtResource("4_djlvw")
region = Rect2(128, 64, 128, 64)

[sub_resource type="AtlasTexture" id="AtlasTexture_gch53"]
atlas = ExtResource("4_djlvw")
region = Rect2(256, 64, 128, 64)

[sub_resource type="SpriteFrames" id="SpriteFrames_dfjp2"]
animations = [{
"frames": [{
"duration": 1.0,
"texture": SubResource("AtlasTexture_url60")
}, {
"duration": 1.0,
"texture": SubResource("AtlasTexture_tuq3u")
}, {
"duration": 1.0,
"texture": SubResource("AtlasTexture_r72m3")
}, {
"duration": 1.0,
"texture": SubResource("AtlasTexture_ir37v")
}, {
"duration": 1.0,
"texture": SubResource("AtlasTexture_w4i13")
}, {
"duration": 1.0,
"texture": SubResource("AtlasTexture_gch53")
}],
"loop": true,
"name": &"wings",
"speed": 30.0
}]

[sub_resource type="AnimationNodeAnimation" id="AnimationNodeAnimation_r3oyg"]
animation = &"refill"

[sub_resource type="AnimationNodeAnimation" id="AnimationNodeAnimation_dm0ti"]
animation = &"shoot"

[sub_resource type="AnimationNodeAnimation" id="AnimationNodeAnimation_beay7"]
animation = &"slash"

[sub_resource type="AnimationNodeAnimation" id="AnimationNodeAnimation_s05r0"]
animation = &"idle"

[sub_resource type="AnimationNodeAnimation" id="AnimationNodeAnimation_58bqb"]
animation = &"bombaaa"

[sub_resource type="AnimationNodeOneShot" id="AnimationNodeOneShot_a7cts"]
fadein_time = 0.1
fadeout_time = 0.5

[sub_resource type="AnimationNodeOneShot" id="AnimationNodeOneShot_beay7"]
fadein_time = 0.1
fadeout_time = 0.1

[sub_resource type="AnimationNodeOneShot" id="AnimationNodeOneShot_58bqb"]
fadein_time = 0.2
fadeout_time = 0.5

[sub_resource type="AnimationNodeOneShot" id="AnimationNodeOneShot_h430l"]
fadein_time = 0.1
fadeout_time = 0.2

[sub_resource type="AnimationNodeBlendTree" id="AnimationNodeBlendTree_h430l"]
nodes/output/position = Vector2(1140, 100)
nodes/Animation/node = SubResource("AnimationNodeAnimation_s05r0")
nodes/Animation/position = Vector2(-280, 100)
nodes/Suck/node = SubResource("AnimationNodeOneShot_58bqb")
nodes/Suck/position = Vector2(0, 100)
"nodes/Animation 2/node" = SubResource("AnimationNodeAnimation_r3oyg")
"nodes/Animation 2/position" = Vector2(0, 380)
nodes/Salve/node = SubResource("AnimationNodeOneShot_beay7")
nodes/Salve/position = Vector2(280, 100)
"nodes/Animation 3/node" = SubResource("AnimationNodeAnimation_dm0ti")
"nodes/Animation 3/position" = Vector2(280, 400)
nodes/hit/node = SubResource("AnimationNodeOneShot_h430l")
nodes/hit/position = Vector2(540, 100)
"nodes/Animation 4/node" = SubResource("AnimationNodeAnimation_beay7")
"nodes/Animation 4/position" = Vector2(500, 420)
nodes/Boom/node = SubResource("AnimationNodeOneShot_a7cts")
nodes/Boom/position = Vector2(920, 80)
nodes/Bomba/node = SubResource("AnimationNodeAnimation_58bqb")
nodes/Bomba/position = Vector2(800, 440)
node_connections = [&"output", 0, &"Boom", &"Suck", 0, &"Animation", &"Suck", 1, &"Animation 2", &"Salve", 0, &"Suck", &"Salve", 1, &"Animation 3", &"hit", 0, &"Salve", &"hit", 1, &"Animation 4", &"Boom", 0, &"hit", &"Boom", 1, &"Bomba"]

[sub_resource type="BoxShape3D" id="BoxShape3D_tuq3u"]
size = Vector3(0, 0, 0)

[node name="BossBugger" unique_id=115462333 instance=ExtResource("1_kivi1")]
script = SubResource("GDScript_djlvw")

[node name="Skeleton3D" parent="Armature_001" parent_id_path=PackedInt32Array(1774926687) index="0" unique_id=1842856998]
bones/0/position = Vector3(0, 1.4449017, -4.324032e-22)
bones/0/rotation = Quaternion(0.99962246, 1.255648e-09, -4.5678334e-08, 0.027478585)
bones/1/rotation = Quaternion(1, 2.220446e-16, -7.54979e-08, -2.0866981e-22)
bones/1/scale = Vector3(0.9910863, 1.0181429, 0.9910863)
bones/4/rotation = Quaternion(0.122083224, 4.5353765e-08, -5.5786633e-09, 0.9925199)
bones/5/rotation = Quaternion(-0.44368786, 4.824204e-09, 5.9560872e-08, 0.89618146)
bones/6/rotation = Quaternion(-0.23109764, 7.529686e-09, 1.7887103e-09, 0.97293055)
bones/6/scale = Vector3(0.9070117, 1.2155539, 0.90701133)
bones/7/rotation = Quaternion(-0.23516938, -2.5504132e-14, 3.3944464e-15, 0.97195446)
bones/7/scale = Vector3(1.3401755, 1.077492, 1.2787007)
bones/8/rotation = Quaternion(-0.23109837, -1.2439655e-14, 1.5416019e-15, 0.9729305)
bones/8/scale = Vector3(1.0000002, 0.99999964, 1)
bones/9/rotation = Quaternion(-0.37720162, -1.33948325e-14, 8.004746e-15, 0.92613125)
bones/9/scale = Vector3(1.0000005, 0.99999946, 1.0000004)
bones/10/rotation = Quaternion(-0.3772009, 4.0927925e-15, -5.807517e-14, 0.9261314)
bones/10/scale = Vector3(0.9999994, 1.0000004, 0.99999976)
bones/11/rotation = Quaternion(-0.37720156, -3.7940378e-14, 6.6427725e-14, 0.92613125)
bones/11/scale = Vector3(1.0000002, 0.99999917, 1.0000006)
bones/12/rotation = Quaternion(-0.3772023, 7.5041996e-14, 8.9932065e-08, 0.92613095)
bones/12/scale = Vector3(0.9999996, 1.0000002, 0.9999995)
bones/13/rotation = Quaternion(-0.4374548, 5.1113393e-14, -1.0974617e-08, 0.89924043)
bones/13/scale = Vector3(0.99999994, 1, 0.99999976)
bones/14/rotation = Quaternion(-0.43745545, -6.633209e-09, -1.4201417e-08, 0.8992401)
bones/14/scale = Vector3(0.99999994, 1.0000005, 0.9999996)
bones/15/rotation = Quaternion(-0.43745488, -6.6332237e-09, -1.4201338e-08, 0.8992404)
bones/15/scale = Vector3(1, 0.9999997, 1)
bones/16/rotation = Quaternion(-0.43745536, -6.633193e-09, -1.4201427e-08, 0.89924014)
bones/16/scale = Vector3(0.9999997, 1.0000005, 1.0000001)
bones/17/rotation = Quaternion(0.6586745, -0.00026204312, 0.00020515385, 0.7524281)
bones/18/rotation = Quaternion(0.6697367, 0.19849838, 0.20334171, 0.68607825)
bones/19/rotation = Quaternion(-0.4936275, 0.53272897, -0.5042239, -0.46721515)
bones/22/rotation = Quaternion(-0.37497887, 0.6219801, -0.58869946, -0.35491496)
bones/25/rotation = Quaternion(0.6586745, 0.00026211506, -0.00020521022, 0.7524281)
bones/26/rotation = Quaternion(0.67148805, -0.17685577, -0.1832776, 0.69587016)
bones/27/rotation = Quaternion(0.2770148, -0.68515164, 0.2616116, 0.62079746)
bones/27/scale = Vector3(0.9999999, 0.9999999, 0.99999994)
bones/28/rotation = Quaternion(-1.8217108e-07, 0.05361173, -0.053510725, 0.9971271)
bones/29/rotation = Quaternion(0.35895163, -0.015417081, 0.03462344, 0.9325863)
bones/30/rotation = Quaternion(-0.011062886, 0.88252, -0.4687451, 0.036250256)
bones/31/rotation = Quaternion(0.4936275, 0.53272897, -0.50422394, 0.4672152)
bones/34/rotation = Quaternion(0.37497887, 0.6219801, -0.5886995, 0.35491496)

[node name="BoneAttachment3D" type="BoneAttachment3D" parent="Armature_001/Skeleton3D" index="0" unique_id=160595167]
transform = Transform3D(0.9910863, -5.1117888e-09, 2.3615658e-07, -8.005165e-09, 1.0166053, 0.05444673, -2.360733e-07, -0.05593312, 0.98958963, 1.3872958e-11, 1.4421427, 0.00015179772)
bone_name = "DEF_FLUID"
bone_idx = 2

[node name="MeshInstance3D" type="MeshInstance3D" parent="Armature_001/Skeleton3D/BoneAttachment3D" index="0" unique_id=450284212]
transform = Transform3D(1, -6.208427e-08, 8.1328295e-09, 6.183289e-08, 0.95868754, -0.28446186, 9.863726e-09, 0.28446168, 0.95868754, 7.614165e-09, 0.5802684, -0.009195534)
material_override = SubResource("ShaderMaterial_url60")
mesh = SubResource("SphereMesh_vkxpk")
script = ExtResource("3_vkxpk")
liquid_height = 0.0

[node name="BoneAttachment3D2" type="BoneAttachment3D" parent="Armature_001/Skeleton3D" index="2" unique_id=525651175]
transform = Transform3D(-0.076083876, -0.99710155, -5.364418e-07, 8.940697e-08, -5.4202974e-07, 1, -0.99710155, 0.07608389, 1.1175871e-07, -0.24529767, 1.4448148, -0.0015754194)
bone_name = "DEF_FRONTWING.L"
bone_idx = 19

[node name="AnimatedSprite3D" type="AnimatedSprite3D" parent="Armature_001/Skeleton3D/BoneAttachment3D2" index="0" unique_id=256235536]
transform = Transform3D(0.1124437, -0.86069745, 0.49654457, 0.99343705, 0.10792635, -0.037889056, -0.020979252, 0.4975459, 0.8671841, 0.062692575, 0.8214551, 0.17844987)
sprite_frames = SubResource("SpriteFrames_dfjp2")
animation = &"wings"
autoplay = "wings"
frame_progress = 0.7738692

[node name="BoneAttachment3D3" type="BoneAttachment3D" parent="Armature_001/Skeleton3D" index="3" unique_id=2129402415]
transform = Transform3D(-0.4668525, -0.8843351, -3.5762784e-07, 7.8231096e-08, -5.029142e-07, 0.99999994, -0.8843351, 0.4668525, 2.3469329e-07, -0.13967305, 1.3691221, 0.12347636)
bone_name = "DEF_BACKWING.L"
bone_idx = 22

[node name="AnimatedSprite3D" type="AnimatedSprite3D" parent="Armature_001/Skeleton3D/BoneAttachment3D3" index="0" unique_id=451387894]
transform = Transform3D(0.112443715, -0.86069757, 0.4965446, 0.9934372, 0.1079264, -0.03788905, -0.020979252, 0.4975459, 0.86718404, 0.085815355, 0.9607185, 0.17260218)
sprite_frames = SubResource("SpriteFrames_dfjp2")
animation = &"wings"
autoplay = "wings"
frame_progress = 0.7801252

[node name="BoneAttachment3D4" type="BoneAttachment3D" parent="Armature_001/Skeleton3D" index="4" unique_id=1002716327]
transform = Transform3D(-0.0760837, 0.99710166, 5.3644186e-07, 2.9802322e-08, -5.424954e-07, 1.0000001, 0.99710155, 0.07608371, -7.450581e-09, 0.24529767, 1.4448148, -0.0015754194)
bone_name = "DEF_FRONTWING.R"
bone_idx = 31

[node name="AnimatedSprite3D" type="AnimatedSprite3D" parent="Armature_001/Skeleton3D/BoneAttachment3D4" index="0" unique_id=1854702827]
transform = Transform3D(-0.17642894, 0.91023165, 0.37463757, 0.9834348, 0.14691877, 0.10617274, 0.041600414, 0.38716334, -0.92107224, -0.10956442, 0.7491533, 0.208817)
sprite_frames = SubResource("SpriteFrames_dfjp2")
animation = &"wings"
autoplay = "wings"
frame_progress = 0.26568833

[node name="BoneAttachment3D5" type="BoneAttachment3D" parent="Armature_001/Skeleton3D" index="5" unique_id=831899753]
transform = Transform3D(-0.46685243, 0.8843354, 3.2782555e-07, -4.4703484e-08, -3.2037497e-07, 0.99999994, 0.8843352, 0.46685243, 2.30968e-07, 0.13967305, 1.3691221, 0.12347636)
bone_name = "DEF_BACKWING.R"
bone_idx = 34

[node name="AnimatedSprite3D" type="AnimatedSprite3D" parent="Armature_001/Skeleton3D/BoneAttachment3D5" index="0" unique_id=603471587]
transform = Transform3D(0.02324143, 0.9017, 0.43173987, 0.99260414, 0.030659795, -0.11746749, -0.11915756, 0.43127665, -0.89431685, 0.032096498, 0.8236661, 0.119693875)
sprite_frames = SubResource("SpriteFrames_dfjp2")
animation = &"wings"
autoplay = "wings"
frame_progress = 0.36893052

[node name="AnimationTree" type="AnimationTree" parent="." index="2" unique_id=2094387608]
tree_root = SubResource("AnimationNodeBlendTree_h430l")
anim_player = NodePath("../AnimationPlayer")
parameters/Suck/active = false
parameters/Suck/internal_active = false
parameters/Suck/request = 0
parameters/Salve/active = false
parameters/Salve/internal_active = false
parameters/Salve/request = 0
parameters/hit/active = false
parameters/hit/internal_active = false
parameters/hit/request = 0
parameters/Boom/active = false
parameters/Boom/internal_active = false
parameters/Boom/request = 0

[node name="Hitbox" parent="." index="3" unique_id=1487308577 instance=ExtResource("17_276u1")]
collision_layer = 32
collision_mask = 8
damage = 125.0
attached_to = 6
can_hit = 4

[node name="CollisionShape3D" type="CollisionShape3D" parent="Hitbox" index="0" unique_id=1905568893]
shape = SubResource("BoxShape3D_tuq3u")
debug_color = Color(13.1910305, 0, 0, 1)
